-1.005000        0.109900        24.479360       -0.459526        0.000000
1.013836         0.109900        2.850000        0.937069       0.000000
-1.015000        0.119800        4.381217       -0.833121        0.000000
1.018490         0.119800        2.850000        0.891406       0.000000
-1.025000        0.129700        2.911188       -0.787100        0.000000
1.024362         0.129700        2.850000        0.847102       0.000000
-1.025000        0.139600        4.642169       -0.803106        0.000000
1.031111         0.139600        2.850000        0.836353       0.000000
-1.035000        0.149500        3.000781       -0.825924        0.000000
1.037164         0.149500        2.850000        0.809375       0.000000
-1.035000        0.159400        5.186530       -0.740963        0.000000
1.042705         0.159400        2.850000        0.798956       0.000000
-1.045000        0.169300        3.616212       -0.769293        0.000000
1.048503         0.169300        2.850000        0.789918       0.000000
-1.045000        0.179200        5.167976       -0.715525        0.000000
1.053569         0.179200        2.850000        0.775094       0.000000
-1.055000        0.189100        3.702420       -0.737428        0.000000
1.059184         0.189100        2.850000        0.770136       0.000000
-1.055000        0.199000        5.028495       -0.698187        0.000000
1.063866         0.199000        2.850000        0.754294       0.000000
-1.065000        0.208900        3.761647       -0.714117        0.000000
1.069344         0.208900        2.850000        0.752639       0.000000
-1.065000        0.218800        4.798157       -0.685477        0.000000
1.073758         0.218800        2.850000        0.737969       0.000000
-1.075000        0.228700        3.673496       -0.699854        0.000000
1.079061         0.228700        2.850000        0.736246       0.000000
-1.075000        0.238600        4.476210       -0.675351        0.000000
1.083205         0.238600        2.850000        0.724312       0.000000
-1.085000        0.248500        3.475421       -0.690139        0.000000
1.088176         0.248500        2.850000        0.719318       0.000000
-1.085000        0.258400        4.114323       -0.666665        0.000000
1.092068         0.258400        2.850000        0.711877       0.000000
-1.095000        0.268300        3.207245       -0.683294        0.000000
1.096601         0.268300        2.850000        0.699808       0.000000
-1.095000        0.278200        3.752781       -0.658311        0.000000
1.100394         0.278200        2.850000        0.697612       0.000000
-1.105000        0.288100        2.893074       -0.678816        0.000000
1.104156         0.288100        2.850000        0.681266       0.000000
-1.105000        0.298000        3.395233       -0.653811        0.000000
1.108275         0.298000        2.850000        0.680686       0.000000
-1.105000        0.307900        3.716187       -0.638577        0.000000
1.111519         0.307900        2.850000        0.673342       0.000000
-1.115000        0.317800        3.032075       -0.653388        0.000000
1.115556         0.317800        2.850000        0.660719       0.000000
-1.115000        0.327700        3.369049       -0.634526        0.000000
1.118792         0.327700        2.850000        0.661290       0.000000
-1.115000        0.337600        3.521630       -0.623404        0.000000
1.121656         0.337600        2.850000        0.652490       0.000000
-1.125000        0.347500        2.986270       -0.636218        0.000000
1.125443         0.347500        2.850000        0.642252       0.000000
-1.125000        0.357400        3.168555       -0.620746        0.000000
1.127773         0.357400        2.850000        0.639302       0.000000
-1.125000        0.367300        3.226582       -0.610656        0.000000
1.129695         0.367300        2.850000        0.631505       0.000000
-1.125000        0.377200        3.218586       -0.601477        0.000000
1.131860         0.377200        2.850000        0.621376       0.000000
-1.135000        0.387100        2.859076       -0.611836        0.000000
1.133815         0.387100        2.850000        0.611597       0.000000
-1.135000        0.397000        2.885660       -0.600674        0.000000
1.134929         0.397000        2.850000        0.601736       0.000000
-1.135000        0.406900        2.875550       -0.590925        0.000000
1.134776         0.406900        2.850000        0.591506       0.000000
-1.125000        0.416800        3.041717       -0.566924        0.000000
1.133451         0.416800        2.850000        0.580909       0.000000
-1.125000        0.426700        2.992006       -0.558860        0.000000
1.131367         0.426700        2.850000        0.569884       0.000000
-1.125000        0.436600        2.941863       -0.551045        0.000000
1.128944         0.436600        2.850000        0.558368       0.000000
-1.125000        0.446500        2.891515       -0.543473        0.000000
1.126490         0.446500        2.850000        0.546356       0.000000
-1.115000        0.456400        3.002518       -0.522398        0.000000
1.123681         0.456400        2.850000        0.534636       0.000000
-1.115000        0.466300        2.950091       -0.515365        0.000000
1.120339         0.466300        2.850000        0.523898       0.000000
-1.115000        0.476200        2.899294       -0.508490        0.000000
1.117329         0.476200        2.850000        0.512663       0.000000
-1.105000        0.486100        3.024500       -0.488237        0.000000
1.114656         0.486100        2.850000        0.501335       0.000000
-1.105000        0.496000        2.980375       -0.481766        0.000000
1.111719         0.496000        2.850000        0.492235       0.000000
-1.105000        0.505900        2.936221       -0.475542        0.000000
1.109067         0.505900        2.850000        0.482880       0.000000
-1.105000        0.515800        2.889862       -0.469637        0.000000
1.106672         0.515800        2.850000        0.473008       0.000000
-1.095000        0.525700        3.019355       -0.450860        0.000000
1.104099         0.525700        2.850000        0.463377       0.000000
-1.095000        0.535600        2.972239       -0.445266        0.000000
1.101118         0.535600        2.850000        0.455115       0.000000
-1.095000        0.545500        2.923540       -0.439974        0.000000
1.098341         0.545500        2.850000        0.446199       0.000000
-1.095000        0.555400        2.873689       -0.434822        0.000000
1.095774         0.555400        2.850000        0.436477       0.000000
-1.085000        0.565300        2.995058       -0.417213        0.000000
1.092660         0.565300        2.850000        0.428285       0.000000
-1.085000        0.575200        2.946929       -0.412391        0.000000
1.089633         0.575200        2.850000        0.420361       0.000000
-1.085000        0.585100        2.898521       -0.407731        0.000000
1.086919         0.585100        2.850000        0.411661       0.000000
-1.075000        0.595000        3.015939       -0.391173        0.000000
1.084220         0.595000        2.850000        0.403080       0.000000
-1.075000        0.604900        2.962166       -0.387126        0.000000
1.080992         0.604900        2.850000        0.396105       0.000000
-1.075000        0.614800        2.902063       -0.383663        0.000000
1.077565         0.614800        2.850000        0.388003       0.000000
-1.065000        0.624700        2.932055       -0.370730        0.000000
1.072906         0.624700        2.850000        0.378685       0.000000
-1.065000        0.634600        2.864248       -0.367026        0.000000
1.065936         0.634600        2.850000        0.368160       0.000000
-1.055000        0.644500        2.890733       -0.352992        0.000000
1.058582         0.644500        2.850000        0.357291       0.000000
-1.045000        0.654400        2.940284       -0.338784        0.000000
1.052482         0.654400        2.850000        0.347159       0.000000
-1.045000        0.664300        2.881171       -0.335357        0.000000
1.047044         0.664300        2.850000        0.338175       0.000000
-1.035000        0.674200        2.955263       -0.321045        0.000000
1.042262         0.674200        2.850000        0.329964       0.000000
-1.035000        0.684100        2.899219       -0.317931        0.000000
1.037884         0.684100        2.850000        0.322358       0.000000
-1.025000        0.694000        3.001164       -0.303539        0.000000
1.034055         0.694000        2.850000        0.314604       0.000000
-1.025000        0.703900        2.947715       -0.300783        0.000000
1.030450         0.703900        2.850000        0.308914       0.000000
-1.025000        0.713800        2.890635       -0.298411        0.000000
1.026947         0.713800        2.850000        0.301947       0.000000
-1.015000        0.723700        2.942335       -0.287085        0.000000
1.022482         0.723700        2.850000        0.294955       0.000000
-1.015000        0.733600        2.875339       -0.284878        0.000000
1.016554         0.733600        2.850000        0.287099       0.000000
-1.005000        0.743500        2.894683       -0.272574        0.000000
1.009034         0.743500        2.850000        0.277339       0.000000
-0.995000        0.753400        2.931055       -0.260364        0.000000
1.002242         0.753400        2.850000        0.268024       0.000000
-0.995000        0.763300        2.871115       -0.258108        0.000000
0.996126         0.763300        2.850000        0.259714       0.000000
-0.985000        0.773200        2.923334       -0.246098        0.000000
0.990517         0.773200        2.850000        0.252718       0.000000
-0.985000        0.783100        2.863092       -0.244184        0.000000
0.985287         0.783100        2.850000        0.244768       0.000000
-0.975000        0.793000        2.927435       -0.232223        0.000000
0.980226         0.793000        2.850000        0.239010       0.000000
-0.975000        0.802900        2.867257       -0.230578        0.000000
0.975570         0.802900        2.850000        0.231711       0.000000
-0.965000        0.812800        2.932647       -0.219187        0.000000
0.970633         0.812800        2.850000        0.226364       0.000000
-0.965000        0.822700        2.870616       -0.217825        0.000000
0.965884         0.822700        2.850000        0.219388       0.000000
-0.955000        0.832600        2.922913       -0.206990        0.000000
0.960416         0.832600        2.850000        0.213588       0.000000
-0.955000        0.842500        2.859719       -0.205764        0.000000
0.955100         0.842500        2.850000        0.206109       0.000000
-0.945000        0.852400        2.904457       -0.195097        0.000000
0.949056         0.852400        2.850000        0.200202       0.000000
-0.935000        0.862300        2.944019       -0.184803        0.000000
0.943207         0.862300        2.850000        0.192975       0.000000
-0.935000        0.872200        2.883930       -0.183535        0.000000
0.937213         0.872200        2.850000        0.186562       0.000000
-0.925000        0.882100        2.924123       -0.173429        0.000000
0.931187         0.882100        2.850000        0.180144       0.000000
-0.925000        0.892000        2.863094       -0.172444        0.000000
0.925343         0.892000        2.850000        0.173066       0.000000
-0.915000        0.901900        2.904188       -0.162514        0.000000
0.919252         0.901900        2.850000        0.167544       0.000000
-0.905000        0.911800        2.943270       -0.152920        0.000000
0.913341         0.911800        2.850000        0.160898       0.000000
-0.905000        0.921700        2.884287       -0.151995        0.000000
0.907386         0.921700        2.850000        0.155145       0.000000
-0.895000        0.931600        2.924677       -0.142552        0.000000
0.901406         0.931600        2.850000        0.149295       0.000000
-0.895000        0.941500        2.864631       -0.141911        0.000000
0.895609         0.941500        2.850000        0.142900       0.000000
-0.885000        0.951400        2.908292       -0.132574        0.000000
0.889665         0.951400        2.850000        0.137960       0.000000
-0.875000        0.961300        2.953102       -0.123587        0.000000
0.884009         0.961300        2.850000        0.131863       0.000000
-0.875000        0.971200        2.896169       -0.122952        0.000000
0.878345         0.971200        2.850000        0.127219       0.000000
-0.865000        0.981100        2.946223       -0.114112        0.000000
0.872879         0.981100        2.850000        0.121923       0.000000
-0.865000        0.991000        2.888482       -0.113732        0.000000
0.867522         0.991000        2.850000        0.117247       0.000000
-0.855000        1.000900        2.943082       -0.105044        0.000000
0.862265         1.000900        2.850000        0.112603       0.000000
-0.855000        1.010800        2.884641       -0.104867        0.000000
0.857118         1.010800        2.850000        0.108012       0.000000
-0.845000        1.020700        2.940917       -0.096346        0.000000
0.851974         1.020700        2.850000        0.103786       0.000000
-0.845000        1.030600        2.881961       -0.096323        0.000000
0.846893         1.030600        2.850000        0.099248       0.000000
-0.835000        1.040500        2.936254       -0.087986        0.000000
0.841679         1.040500        2.850000        0.095202       0.000000
-0.835000        1.050400        2.876730       -0.088096        0.000000
0.836530         1.050400        2.850000        0.090540       0.000000
-0.825000        1.060300        2.928548       -0.079910        0.000000
0.831150         1.060300        2.850000        0.086670       0.000000
-0.825000        1.070200        2.868487       -0.080160        0.000000
0.825935         1.070200        2.850000        0.081749       0.000000
-0.815000        1.080100        2.919986       -0.072083        0.000000
0.820429         1.080100        2.850000        0.078226       0.000000
-0.815000        1.090000        2.859682       -0.072530        0.000000
0.815249         1.090000        2.850000        0.073186       0.000000
-0.805000        1.099900        2.914291       -0.064491        0.000000
0.809790         1.099900        2.850000        0.070147       0.000000
-0.805000        1.109800        2.853741       -0.065230        0.000000
0.804742         1.109800        2.850000        0.065398       0.000000
-0.795000        1.119700        2.915345       -0.057143        0.000000
0.799575         1.119700        2.850000        0.062773       0.000000
-0.795000        1.129600        2.854578       -0.058119        0.000000
0.794803         1.129600        2.850000        0.058409       0.000000
-0.785000        1.139500        2.926602       -0.050023        0.000000
0.789994         1.139500        2.850000        0.056317       0.000000
-0.785000        1.149400        2.865857       -0.051017        0.000000
0.785543         1.149400        2.850000        0.052325       0.000000
-0.775000        1.159300        2.951211       -0.043092        0.000000
0.781078         1.159300        2.850000        0.050717       0.000000
-0.775000        1.169200        2.890858       -0.044015        0.000000
0.776949         1.169200        2.850000        0.047619       0.000000
-0.765000        1.179100        2.992809       -0.036325        0.000000
0.772811         1.179100        2.850000        0.045673       0.000000
-0.765000        1.189000        2.933942       -0.037205        0.000000
0.768964         1.189000        2.850000        0.044137       0.000000
-0.765000        1.198900        2.863054       -0.039788        0.000000
0.765223         1.198900        2.850000        0.040835       0.000000
-0.755000        1.208800        3.002083       -0.030494        0.000000
0.761550         1.208800        2.850000        0.040923       0.000000
-0.755000        1.218700        2.933071       -0.032013        0.000000
0.758146         1.218700        2.850000        0.039100       0.000000
-0.755000        1.228600        2.851649       -0.036540        0.000000
0.754690         1.228600        2.850000        0.036875       0.000000
-0.745000        1.238500        3.037138       -0.025370        0.000000
0.751500         1.238500        2.850000        0.037925       0.000000
-0.745000        1.248400        2.958039       -0.027363        0.000000
0.748420         1.248400        2.850000        0.036495       0.000000
-0.745000        1.258300        2.867730       -0.032990        0.000000
0.745266         1.258300        2.850000        0.034517       0.000000
-0.735000        1.268200        3.107458       -0.020624        0.000000
0.742361         1.268200        2.850000        0.036427       0.000000
-0.735000        1.278100        3.021469       -0.022899        0.000000
0.739596         1.278100        2.850000        0.036281       0.000000
-0.735000        1.288000        2.923022       -0.028173        0.000000
0.736768         1.288000        2.850000        0.034649       0.000000
-0.725000        1.297900        3.222904       -0.016064        0.000000
0.733926         1.297900        2.850000        0.035421       0.000000
-0.725000        1.307800        3.134880       -0.018379        0.000000
0.731436         1.307800        2.850000        0.037440       0.000000
-0.725000        1.317700        3.031367       -0.022423        0.000000
0.728959         1.317700        2.850000        0.036959       0.000000
-0.725000        1.327600        2.919873       -0.029971        0.000000
0.726390         1.327600        2.850000        0.036073       0.000000
-0.715000        1.337500        3.304466       -0.013762        0.000000
0.723849         1.337500        2.850000        0.037887       0.000000
-0.715000        1.347400        3.202043       -0.016560        0.000000
0.721610         1.347400        2.850000        0.040260       0.000000
-0.715000        1.357300        3.083072       -0.021562        0.000000
0.719344         1.357300        2.850000        0.040064       0.000000
-0.715000        1.367200        2.959275       -0.029612        0.000000
0.716967         1.367200        2.850000        0.039201       0.000000
-0.705000        1.377100        3.401652       -0.011515        0.000000
0.714451         1.377100        2.850000        0.039850       0.000000
-0.705000        1.387000        3.289136       -0.014528        0.000000
0.712296         1.387000        2.850000        0.043033       0.000000
-0.705000        1.396900        3.159912       -0.019007        0.000000
0.710142         1.396900        2.850000        0.043456       0.000000
-0.705000        1.406800        3.023347       -0.027019        0.000000
0.707872         1.406800        2.850000        0.042172       0.000000
-0.705000        1.416700        2.884741       -0.037923        0.000000
0.705399         1.416700        2.850000        0.041086       0.000000
-0.695000        1.426600        3.379441       -0.012330        0.000000
0.703167         1.426600        2.850000        0.044487       0.000000
-0.695000        1.436500        3.246014       -0.016520        0.000000
0.701059         1.436500        2.850000        0.046050       0.000000
-0.695000        1.446400        3.100116       -0.023709        0.000000
0.698867         1.446400        2.850000        0.044972       0.000000
-0.695000        1.456300        2.953486       -0.033726        0.000000
0.696534         1.456300        2.850000        0.043334       0.000000
-0.685000        1.466200        3.459870       -0.010085        0.000000
0.694104         1.466200        2.850000        0.044396       0.000000
-0.685000        1.476100        3.327971       -0.013720        0.000000
0.691964         1.476100        2.850000        0.047209       0.000000
-0.685000        1.486000        3.177648       -0.019532        0.000000
0.689811         1.486000        2.850000        0.046799       0.000000
-0.685000        1.495900        3.023588       -0.028690        0.000000
0.687545         1.495900        2.850000        0.044765       0.000000
-0.685000        1.505800        2.867878       -0.041250        0.000000
0.685042         1.505800        2.850000        0.042892       0.000000
-0.675000        1.515700        3.393995       -0.011520        0.000000
0.682816         1.515700        2.850000        0.047048       0.000000
-0.675000        1.525600        3.246870       -0.016391        0.000000
0.680661         1.525600        2.850000        0.048032       0.000000
-0.675000        1.535500        3.087641       -0.024733        0.000000
0.678416         1.535500        2.850000        0.046158       0.000000
-0.675000        1.545400        2.928150       -0.036044        0.000000
0.676016         1.545400        2.850000        0.043674       0.000000
-0.665000        1.555300        3.437903       -0.009572        0.000000
0.673559         1.555300        2.850000        0.045743       0.000000
-0.665000        1.565200        3.297474       -0.013721        0.000000
0.671340         1.565200        2.850000        0.047841       0.000000
-0.665000        1.575100        3.136801       -0.021005        0.000000
0.669087         1.575100        2.850000        0.046383       0.000000
-0.665000        1.585000        2.975273       -0.030905        0.000000
0.666719         1.585000        2.850000        0.043517       0.000000
-0.655000        1.594900        3.455110       -0.007887        0.000000
0.664140         1.594900        2.850000        0.043592       0.000000
-0.655000        1.604800        3.323152       -0.011917        0.000000
0.661821         1.604800        2.850000        0.046699       0.000000
-0.655000        1.614700        3.167857       -0.017741        0.000000
0.659539         1.614700        2.850000        0.045928       0.000000
-0.655000        1.624600        3.003532       -0.027890        0.000000
0.657151         1.624600        2.850000        0.042940       0.000000
-0.645000        1.634500        3.446335       -0.006742        0.000000
0.654536         1.634500        2.850000        0.041317       0.000000
-0.645000        1.644400        3.324990       -0.010670        0.000000
0.652076         1.644400        2.850000        0.045035       0.000000
-0.645000        1.654300        3.175613       -0.016001        0.000000
0.649735         1.654300        2.850000        0.044754       0.000000
-0.645000        1.664200        3.011971       -0.025821        0.000000
0.647300         1.664200        2.850000        0.041686       0.000000
-0.635000        1.674100        3.417967       -0.006013        0.000000
0.644653         1.674100        2.850000        0.039296       0.000000
-0.635000        1.684000        3.303722       -0.009885        0.000000
0.642054         1.684000        2.850000        0.043148       0.000000
-0.635000        1.693900        3.160014       -0.014999        0.000000
0.639640         1.693900        2.850000        0.042846       0.000000
-0.635000        1.703800        2.998286       -0.024818        0.000000
0.637144         1.703800        2.850000        0.039611       0.000000
-0.625000        1.713700        3.372870       -0.005672        0.000000
0.634406         1.713700        2.850000        0.037598       0.000000
-0.625000        1.723600        3.260981       -0.009573        0.000000
0.631695         1.723600        2.850000        0.040942       0.000000
-0.625000        1.733500        3.121731       -0.014710        0.000000
0.629203         1.733500        2.850000        0.040043       0.000000
-0.625000        1.743400        2.962457       -0.025007        0.000000
0.626629         1.743400        2.850000        0.036489       0.000000
-0.615000        1.753300        3.313294       -0.005733        0.000000
0.623721         1.753300        2.850000        0.036053       0.000000
-0.615000        1.763200        3.201739       -0.009828        0.000000
0.620970         1.763200        2.850000        0.038468       0.000000
-0.615000        1.773100        3.063143       -0.015865        0.000000
0.618404         1.773100        2.850000        0.036571       0.000000
-0.615000        1.783000        2.907010       -0.026577        0.000000
0.615751         1.783000        2.850000        0.032489       0.000000
-0.605000        1.792900        3.240993       -0.006257        0.000000
0.612596         1.792900        2.850000        0.034479       0.000000
-0.605000        1.802800        3.127593       -0.010710        0.000000
0.609865         1.802800        2.850000        0.035397       0.000000
-0.605000        1.812700        2.986764       -0.018626        0.000000
0.607221         1.812700        2.850000        0.032494       0.000000
-0.595000        1.822600        3.251600       -0.003966        0.000000
0.604275         1.822600        2.850000        0.030086       0.000000
-0.595000        1.832500        3.155361       -0.007484        0.000000
0.601071         1.832500        2.850000        0.032492       0.000000
-0.595000        1.842400        3.038857       -0.012359        0.000000
0.598363         1.842400        2.850000        0.031044       0.000000
-0.595000        1.852300        2.894631       -0.022595        0.000000
0.595604         1.852300        2.850000        0.027180       0.000000
-0.585000        1.862200        3.160917       -0.005199        0.000000
0.592111         1.862200        2.850000        0.028914       0.000000
-0.585000        1.872100        3.057506       -0.009449        0.000000
0.589147         1.872100        2.850000        0.028928       0.000000
-0.585000        1.882000        2.932340       -0.017204        0.000000
0.586410         1.882000        2.850000        0.025812       0.000000
-0.575000        1.891900        3.147598       -0.003752        0.000000
0.582952         1.891900        2.850000        0.025451       0.000000
-0.575000        1.901800        3.056915       -0.007371        0.000000
0.579656         1.901800        2.850000        0.026182       0.000000
-0.575000        1.911700        2.945906       -0.013604        0.000000
0.576853         1.911700        2.850000        0.023555       0.000000
-0.565000        1.921600        3.121758       -0.002814        0.000000
0.573464         1.921600        2.850000        0.022155       0.000000
-0.565000        1.931500        3.041547       -0.005945        0.000000
0.569848         1.931500        2.850000        0.023149       0.000000
-0.565000        1.941400        2.939387       -0.011545        0.000000
0.566899         1.941400        2.850000        0.020822       0.000000
-0.555000        1.951300        3.086584       -0.002305        0.000000
0.563490         1.951300        2.850000        0.019297       0.000000
-0.555000        1.961200        3.014191       -0.005114        0.000000
0.559645         1.961200        2.850000        0.020059       0.000000
-0.555000        1.971100        2.919433       -0.010502        0.000000
0.556592         1.971100        2.850000        0.017750       0.000000
-0.545000        1.981000        3.045114       -0.002109        0.000000
0.552923         1.981000        2.850000        0.016732       0.000000
-0.545000        1.990900        2.977928       -0.004766        0.000000
0.548991         1.990900        2.850000        0.016858       0.000000
-0.545000        2.000800        2.889194       -0.010269        0.000000
0.545904         2.000800        2.850000        0.014380       0.000000
-0.535000        2.010700        2.999146       -0.002168        0.000000
0.541674         2.010700        2.850000        0.014244       0.000000
-0.535000        2.020600        2.934352       -0.004859        0.000000
0.537838         2.020600        2.850000        0.013323       0.000000
-0.535000        2.030500        2.850085       -0.010802        0.000000
0.534577         2.030500        2.850000        0.010912       0.000000
-0.525000        2.040400        2.949555       -0.002463        0.000000
0.529728         2.040400        2.850000        0.011402       0.000000
-0.525000        2.050300        2.884677       -0.005928        0.000000
0.526162         2.050300        2.850000        0.009566       0.000000
-0.515000        2.060200        2.945130       -0.001157        0.000000
0.521381         2.060200        2.850000        0.008933       0.000000
-0.515000        2.070100        2.895550       -0.003123        0.000000
0.517180         2.070100        2.850000        0.007749       0.000000
-0.505000        2.080000        2.928334       -0.000567        0.000000
0.512628         2.080000        2.850000        0.006399       0.000000
-0.505000        2.089900        2.890055       -0.001832        0.000000
0.507626         2.089900        2.850000        0.005733       0.000000
-0.495000        2.099800        2.904584       -0.000322        0.000000
0.502738         2.099800        2.850000        0.004348       0.000000
-0.495000        2.109700        2.873304       -0.001200        0.000000
0.497076         2.109700        2.850000        0.003478       0.000000
-0.485000        2.119600        2.877382       -0.000205        0.000000
0.490499         2.119600        2.850000        0.002350       0.000000
-0.485000        2.129500        2.850126       -0.000968        0.000000
0.484510         2.129500        2.850000        0.001007       0.000000
-0.465000        2.139400        2.853139       -0.000006        0.000000
0.470972         2.139400        2.850000        0.000135       0.000000
