
1.000000  0.100000  0.000000  0.000000  0.000000  0.000000  0.000000
1.013836  0.109900  2.850000  0.937069  161.920000  0.000000  0.000000
1.018490  0.119800  2.850000  0.891406  161.920000  0.000000  0.000000
1.024362  0.129700  2.850000  0.847102  161.920000  0.000000  0.000000
1.031111  0.139600  2.850000  0.836353  161.920000  0.000000  0.000000
1.037164  0.149500  2.850000  0.809375  161.920000  0.000000  0.000000
1.042705  0.159400  2.850000  0.798956  161.920000  0.000000  0.000000
1.048503  0.169300  2.850000  0.789918  161.920000  0.000000  0.000000
1.053569  0.179200  2.850000  0.775094  161.920000  0.000000  0.000000
1.059184  0.189100  2.850000  0.770136  161.920000  0.000000  0.000000
1.063866  0.199000  2.850000  0.754294  161.920000  0.000000  0.000000
1.069344  0.208900  2.850000  0.752639  161.920000  0.000000  0.000000
1.073758  0.218800  2.850000  0.737969  161.920000  0.000000  0.000000
1.079061  0.228700  2.850000  0.736246  161.920000  0.000000  0.000000
1.083205  0.238600  2.850000  0.724312  161.920000  0.000000  0.000000
1.088176  0.248500  2.850000  0.719318  161.920000  0.000000  0.000000
1.092068  0.258400  2.850000  0.711877  161.920000  0.000000  0.000000
1.096601  0.268300  2.850000  0.699808  161.920000  0.000000  0.000000
1.100394  0.278200  2.850000  0.697612  161.920000  0.000000  0.000000
1.104156  0.288100  2.850000  0.681266  161.920000  0.000000  0.000000
1.108275  0.298000  2.850000  0.680686  161.920000  0.000000  0.000000
1.111519  0.307900  2.850000  0.673342  161.920000  0.000000  0.000000
1.115556  0.317800  2.850000  0.660719  161.920000  0.000000  0.000000
1.118792  0.327700  2.850000  0.661290  161.920000  0.000000  0.000000
1.121656  0.337600  2.850000  0.652490  161.920000  0.000000  0.000000
1.125443  0.347500  2.850000  0.642252  161.920000  0.000000  0.000000
1.127773  0.357400  2.850000  0.639302  161.920000  0.000000  0.000000
1.129695  0.367300  2.850000  0.631505  161.920000  0.000000  0.000000
1.131860  0.377200  2.850000  0.621376  161.920000  0.000000  0.000000
1.133815  0.387100  2.850000  0.611597  161.920000  0.000000  0.000000
1.134929  0.397000  2.850000  0.601736  161.920000  0.000000  0.000000
1.134776  0.406900  2.850000  0.591506  161.920000  0.000000  0.000000
1.133451  0.416800  2.850000  0.580909  161.920000  0.000000  0.000000
1.131367  0.426700  2.850000  0.569884  161.920000  0.000000  0.000000
1.128944  0.436600  2.850000  0.558368  161.920000  0.000000  0.000000
1.126490  0.446500  2.850000  0.546356  161.920000  0.000000  0.000000
1.123681  0.456400  2.850000  0.534636  161.920000  0.000000  0.000000
1.120339  0.466300  2.850000  0.523898  161.920000  0.000000  0.000000
1.117329  0.476200  2.850000  0.512663  161.920000  0.000000  0.000000
1.114656  0.486100  2.850000  0.501335  161.920000  0.000000  0.000000
1.111719  0.496000  2.850000  0.492235  161.920000  0.000000  0.000000
1.109067  0.505900  2.850000  0.482880  161.920000  0.000000  0.000000
1.106672  0.515800  2.850000  0.473008  161.920000  0.000000  0.000000
1.104099  0.525700  2.850000  0.463377  161.920000  0.000000  0.000000
1.101118  0.535600  2.850000  0.455115  161.920000  0.000000  0.000000
1.098341  0.545500  2.850000  0.446199  161.920000  0.000000  0.000000
1.095774  0.555400  2.850000  0.436477  161.920000  0.000000  0.000000
1.092660  0.565300  2.850000  0.428285  161.920000  0.000000  0.000000
1.089633  0.575200  2.850000  0.420361  161.920000  0.000000  0.000000
1.086919  0.585100  2.850000  0.411661  161.920000  0.000000  0.000000
1.084220  0.595000  2.850000  0.403080  161.920000  0.000000  0.000000
1.080992  0.604900  2.850000  0.396105  161.920000  0.000000  0.000000
1.077565  0.614800  2.850000  0.388003  161.920000  0.000000  0.000000
1.072906  0.624700  2.850000  0.378685  161.920000  0.000000  0.000000
1.065936  0.634600  2.850000  0.368160  161.920000  0.000000  0.000000
1.058582  0.644500  2.850000  0.357291  161.920000  0.000000  0.000000
1.052482  0.654400  2.850000  0.347159  161.920000  0.000000  0.000000
1.047044  0.664300  2.850000  0.338175  161.920000  0.000000  0.000000
1.042262  0.674200  2.850000  0.329964  161.920000  0.000000  0.000000
1.037884  0.684100  2.850000  0.322358  161.920000  0.000000  0.000000
1.034055  0.694000  2.850000  0.314604  161.920000  0.000000  0.000000
1.030450  0.703900  2.850000  0.308914  161.920000  0.000000  0.000000
1.026947  0.713800  2.850000  0.301947  161.920000  0.000000  0.000000
1.022482  0.723700  2.850000  0.294955  161.920000  0.000000  0.000000
1.016554  0.733600  2.850000  0.287099  161.920000  0.000000  0.000000
1.009034  0.743500  2.850000  0.277339  161.920000  0.000000  0.000000
1.002242  0.753400  2.850000  0.268024  161.920000  0.000000  0.000000
0.996126  0.763300  2.850000  0.259714  161.920000  0.000000  0.000000
0.990517  0.773200  2.850000  0.252718  161.920000  0.000000  0.000000
0.985287  0.783100  2.850000  0.244768  161.920000  0.000000  0.000000
0.980226  0.793000  2.850000  0.239010  161.920000  0.000000  0.000000
0.975570  0.802900  2.850000  0.231711  161.920000  0.000000  0.000000
0.970633  0.812800  2.850000  0.226364  161.920000  0.000000  0.000000
0.965884  0.822700  2.850000  0.219388  161.920000  0.000000  0.000000
0.960416  0.832600  2.850000  0.213588  161.920000  0.000000  0.000000
0.955100  0.842500  2.850000  0.206109  161.920000  0.000000  0.000000
0.949056  0.852400  2.850000  0.200202  161.920000  0.000000  0.000000
0.943207  0.862300  2.850000  0.192975  161.920000  0.000000  0.000000
0.937213  0.872200  2.850000  0.186562  161.920000  0.000000  0.000000
0.931187  0.882100  2.850000  0.180144  161.920000  0.000000  0.000000
0.925343  0.892000  2.850000  0.173066  161.920000  0.000000  0.000000
0.919252  0.901900  2.850000  0.167544  161.920000  0.000000  0.000000
0.913341  0.911800  2.850000  0.160898  161.920000  0.000000  0.000000
0.907386  0.921700  2.850000  0.155145  161.920000  0.000000  0.000000
0.901406  0.931600  2.850000  0.149295  161.920000  0.000000  0.000000
0.895609  0.941500  2.850000  0.142900  161.920000  0.000000  0.000000
0.889665  0.951400  2.850000  0.137960  161.920000  0.000000  0.000000
0.884009  0.961300  2.850000  0.131863  161.920000  0.000000  0.000000
0.878345  0.971200  2.850000  0.127219  161.920000  0.000000  0.000000
0.872879  0.981100  2.850000  0.121923  161.920000  0.000000  0.000000
0.867522  0.991000  2.850000  0.117247  161.920000  0.000000  0.000000
0.862265  1.000900  2.850000  0.112603  161.920000  0.000000  0.000000
0.857118  1.010800  2.850000  0.108012  161.920000  0.000000  0.000000
0.851974  1.020700  2.850000  0.103786  161.920000  0.000000  0.000000
0.846893  1.030600  2.850000  0.099248  161.920000  0.000000  0.000000
0.841679  1.040500  2.850000  0.095202  161.920000  0.000000  0.000000
0.836530  1.050400  2.850000  0.090540  161.920000  0.000000  0.000000
0.831150  1.060300  2.850000  0.086670  161.920000  0.000000  0.000000
0.825935  1.070200  2.850000  0.081749  161.920000  0.000000  0.000000
0.820429  1.080100  2.850000  0.078226  161.920000  0.000000  0.000000
0.815249  1.090000  2.850000  0.073186  161.920000  0.000000  0.000000
0.809790  1.099900  2.850000  0.070147  161.920000  0.000000  0.000000
0.804742  1.109800  2.850000  0.065398  161.920000  0.000000  0.000000
0.799575  1.119700  2.850000  0.062773  161.920000  0.000000  0.000000
0.794803  1.129600  2.850000  0.058409  161.920000  0.000000  0.000000
0.789994  1.139500  2.850000  0.056317  161.920000  0.000000  0.000000
0.785543  1.149400  2.850000  0.052325  161.920000  0.000000  0.000000
0.781078  1.159300  2.850000  0.050717  161.920000  0.000000  0.000000
0.776949  1.169200  2.850000  0.047619  161.920000  0.000000  0.000000
0.772811  1.179100  2.850000  0.045673  161.920000  0.000000  0.000000
0.768964  1.189000  2.850000  0.044137  161.920000  0.000000  0.000000
0.765223  1.198900  2.850000  0.040835  161.920000  0.000000  0.000000
0.761550  1.208800  2.850000  0.040923  161.920000  0.000000  0.000000
0.758146  1.218700  2.850000  0.039100  161.920000  0.000000  0.000000
0.754690  1.228600  2.850000  0.036875  161.920000  0.000000  0.000000
0.751500  1.238500  2.850000  0.037925  161.920000  0.000000  0.000000
0.748420  1.248400  2.850000  0.036495  161.920000  0.000000  0.000000
0.745266  1.258300  2.850000  0.034517  161.920000  0.000000  0.000000
0.742361  1.268200  2.850000  0.036427  161.920000  0.000000  0.000000
0.739596  1.278100  2.850000  0.036281  161.920000  0.000000  0.000000
0.736768  1.288000  2.850000  0.034649  161.920000  0.000000  0.000000
0.733926  1.297900  2.850000  0.035421  161.920000  0.000000  0.000000
0.731436  1.307800  2.850000  0.037440  161.920000  0.000000  0.000000
0.728959  1.317700  2.850000  0.036959  161.920000  0.000000  0.000000
0.726390  1.327600  2.850000  0.036073  161.920000  0.000000  0.000000
0.723849  1.337500  2.850000  0.037887  161.920000  0.000000  0.000000
0.721610  1.347400  2.850000  0.040260  161.920000  0.000000  0.000000
0.719344  1.357300  2.850000  0.040064  161.920000  0.000000  0.000000
0.716967  1.367200  2.850000  0.039201  161.920000  0.000000  0.000000
0.714451  1.377100  2.850000  0.039850  161.920000  0.000000  0.000000
0.712296  1.387000  2.850000  0.043033  161.920000  0.000000  0.000000
0.710142  1.396900  2.850000  0.043456  161.920000  0.000000  0.000000
0.707872  1.406800  2.850000  0.042172  161.920000  0.000000  0.000000
0.705399  1.416700  2.850000  0.041086  161.920000  0.000000  0.000000
0.703167  1.426600  2.850000  0.044487  161.920000  0.000000  0.000000
0.701059  1.436500  2.850000  0.046050  161.920000  0.000000  0.000000
0.698867  1.446400  2.850000  0.044972  161.920000  0.000000  0.000000
0.696534  1.456300  2.850000  0.043334  161.920000  0.000000  0.000000
0.694104  1.466200  2.850000  0.044396  161.920000  0.000000  0.000000
0.691964  1.476100  2.850000  0.047209  161.920000  0.000000  0.000000
0.689811  1.486000  2.850000  0.046799  161.920000  0.000000  0.000000
0.687545  1.495900  2.850000  0.044765  161.920000  0.000000  0.000000
0.685042  1.505800  2.850000  0.042892  161.920000  0.000000  0.000000
0.682816  1.515700  2.850000  0.047048  161.920000  0.000000  0.000000
0.680661  1.525600  2.850000  0.048032  161.920000  0.000000  0.000000
0.678416  1.535500  2.850000  0.046158  161.920000  0.000000  0.000000
0.676016  1.545400  2.850000  0.043674  161.920000  0.000000  0.000000
0.673559  1.555300  2.850000  0.045743  161.920000  0.000000  0.000000
0.671340  1.565200  2.850000  0.047841  161.920000  0.000000  0.000000
0.669087  1.575100  2.850000  0.046383  161.920000  0.000000  0.000000
0.666719  1.585000  2.850000  0.043517  161.920000  0.000000  0.000000
0.664140  1.594900  2.850000  0.043592  161.920000  0.000000  0.000000
0.661821  1.604800  2.850000  0.046699  161.920000  0.000000  0.000000
0.659539  1.614700  2.850000  0.045928  161.920000  0.000000  0.000000
0.657151  1.624600  2.850000  0.042940  161.920000  0.000000  0.000000
0.654536  1.634500  2.850000  0.041317  161.920000  0.000000  0.000000
0.652076  1.644400  2.850000  0.045035  161.920000  0.000000  0.000000
0.649735  1.654300  2.850000  0.044754  161.920000  0.000000  0.000000
0.647300  1.664200  2.850000  0.041686  161.920000  0.000000  0.000000
0.644653  1.674100  2.850000  0.039296  161.920000  0.000000  0.000000
0.642054  1.684000  2.850000  0.043148  161.920000  0.000000  0.000000
0.639640  1.693900  2.850000  0.042846  161.920000  0.000000  0.000000
0.637144  1.703800  2.850000  0.039611  161.920000  0.000000  0.000000
0.634406  1.713700  2.850000  0.037598  161.920000  0.000000  0.000000
0.631695  1.723600  2.850000  0.040942  161.920000  0.000000  0.000000
0.629203  1.733500  2.850000  0.040043  161.920000  0.000000  0.000000
0.626629  1.743400  2.850000  0.036489  161.920000  0.000000  0.000000
0.623721  1.753300  2.850000  0.036053  161.920000  0.000000  0.000000
0.620970  1.763200  2.850000  0.038468  161.920000  0.000000  0.000000
0.618404  1.773100  2.850000  0.036571  161.920000  0.000000  0.000000
0.615751  1.783000  2.850000  0.032489  161.920000  0.000000  0.000000
0.612596  1.792900  2.850000  0.034479  161.920000  0.000000  0.000000
0.609865  1.802800  2.850000  0.035397  161.920000  0.000000  0.000000
0.607221  1.812700  2.850000  0.032494  161.920000  0.000000  0.000000
0.604275  1.822600  2.850000  0.030086  161.920000  0.000000  0.000000
0.601071  1.832500  2.850000  0.032492  161.920000  0.000000  0.000000
0.598363  1.842400  2.850000  0.031044  161.920000  0.000000  0.000000
0.595604  1.852300  2.850000  0.027180  161.920000  0.000000  0.000000
0.592111  1.862200  2.850000  0.028914  161.920000  0.000000  0.000000
0.589147  1.872100  2.850000  0.028928  161.920000  0.000000  0.000000
0.586410  1.882000  2.850000  0.025812  161.920000  0.000000  0.000000
0.582952  1.891900  2.850000  0.025451  161.920000  0.000000  0.000000
0.579656  1.901800  2.850000  0.026182  161.920000  0.000000  0.000000
0.576853  1.911700  2.850000  0.023555  161.920000  0.000000  0.000000
0.573464  1.921600  2.850000  0.022155  161.920000  0.000000  0.000000
0.569848  1.931500  2.850000  0.023149  161.920000  0.000000  0.000000
0.566899  1.941400  2.850000  0.020822  161.920000  0.000000  0.000000
0.563490  1.951300  2.850000  0.019297  161.920000  0.000000  0.000000
0.559645  1.961200  2.850000  0.020059  161.920000  0.000000  0.000000
0.556592  1.971100  2.850000  0.017750  161.920000  0.000000  0.000000
0.552923  1.981000  2.850000  0.016732  161.920000  0.000000  0.000000
0.548991  1.990900  2.850000  0.016858  161.920000  0.000000  0.000000
0.545904  2.000800  2.850000  0.014380  161.920000  0.000000  0.000000
0.541674  2.010700  2.850000  0.014244  161.920000  0.000000  0.000000
0.537838  2.020600  2.850000  0.013323  161.920000  0.000000  0.000000
0.534577  2.030500  2.850000  0.010912  161.920000  0.000000  0.000000
0.529728  2.040400  2.850000  0.011402  161.920000  0.000000  0.000000
0.526162  2.050300  2.850000  0.009566  161.920000  0.000000  0.000000
0.521381  2.060200  2.850000  0.008933  161.920000  0.000000  0.000000
0.517180  2.070100  2.850000  0.007749  161.920000  0.000000  0.000000
0.512628  2.080000  2.850000  0.006399  161.920000  0.000000  0.000000
0.507626  2.089900  2.850000  0.005733  161.920000  0.000000  0.000000
0.502738  2.099800  2.850000  0.004348  161.920000  0.000000  0.000000
0.497076  2.109700  2.850000  0.003478  161.920000  0.000000  0.000000
0.490499  2.119600  2.850000  0.002350  161.920000  0.000000  0.000000
0.484510  2.129500  2.850000  0.001007  161.920000  0.000000  0.000000
0.474510  2.129500  2.850000  0.000000  161.920000  0.000000  0.000000
0.464510  2.129500  2.850000  0.000000  161.920000  0.000000  0.000000
0.454510  2.129500  2.850000  0.000000  161.920000  0.000000  0.000000
0.444510  2.129500  2.850000  0.000000  161.920000  0.000000  0.000000
0.434510  2.129500  2.850000  0.000000  161.920000  0.000000  0.000000
0.424510  2.129500  2.850000  0.000000  161.920000  0.000000  0.000000
0.414510  2.129500  2.850000  0.000000  161.920000  0.000000  0.000000
0.404510  2.129500  2.850000  0.000000  161.920000  0.000000  0.000000
0.394510  2.129500  2.850000  0.000000  161.920000  0.000000  0.000000
0.384510  2.129500  2.850000  0.000000  161.920000  0.000000  0.000000
0.374510  2.129500  2.850000  0.000000  161.920000  0.000000  0.000000
0.364510  2.129500  2.850000  0.000000  161.920000  0.000000  0.000000
0.354510  2.129500  2.850000  0.000000  161.920000  0.000000  0.000000
0.344510  2.129500  2.850000  0.000000  161.920000  0.000000  0.000000
0.334510  2.129500  2.850000  0.000000  161.920000  0.000000  0.000000
0.324510  2.129500  2.850000  0.000000  161.920000  0.000000  0.000000
0.314510  2.129500  2.850000  0.000000  161.920000  0.000000  0.000000
0.304510  2.129500  2.850000  0.000000  161.920000  0.000000  0.000000
0.294510  2.129500  2.850000  0.000000  161.920000  0.000000  0.000000
0.284510  2.129500  2.850000  0.000000  161.920000  0.000000  0.000000
0.274510  2.129500  2.850000  0.000000  161.920000  0.000000  0.000000
0.264510  2.129500  2.850000  0.000000  161.920000  0.000000  0.000000
0.254510  2.129500  2.850000  0.000000  161.920000  0.000000  0.000000
0.244510  2.129500  2.850000  0.000000  161.920000  0.000000  0.000000
0.234510  2.129500  2.850000  0.000000  161.920000  0.000000  0.000000
0.224510  2.129500  2.850000  0.000000  161.920000  0.000000  0.000000
0.214510  2.129500  2.850000  0.000000  161.920000  0.000000  0.000000
0.204510  2.129500  2.850000  0.000000  161.920000  0.000000  0.000000
0.194510  2.129500  2.850000  0.000000  161.920000  0.000000  0.000000
0.184510  2.129500  2.850000  0.000000  161.920000  0.000000  0.000000
0.174510  2.129500  2.850000  0.000000  161.920000  0.000000  0.000000
0.164510  2.129500  2.850000  0.000000  161.920000  0.000000  0.000000
0.154510  2.129500  2.850000  0.000000  161.920000  0.000000  0.000000
0.144510  2.129500  2.850000  0.000000  161.920000  0.000000  0.000000
0.134510  2.129500  2.850000  0.000000  161.920000  0.000000  0.000000
0.124510  2.129500  2.850000  0.000000  161.920000  0.000000  0.000000
0.114510  2.129500  2.850000  0.000000  161.920000  0.000000  0.000000
0.104510  2.129500  2.850000  0.000000  161.920000  0.000000  0.000000
0.094510  2.129500  2.850000  0.000000  161.920000  0.000000  0.000000
0.084510  2.129500  2.850000  0.000000  161.920000  0.000000  0.000000
0.074510  2.129500  2.850000  0.000000  161.920000  0.000000  0.000000
0.064510  2.129500  2.850000  0.000000  161.920000  0.000000  0.000000
0.054510  2.129500  2.850000  0.000000  161.920000  0.000000  0.000000
0.044510  2.129500  2.850000  0.000000  161.920000  0.000000  0.000000
0.034510  2.129500  2.850000  0.000000  161.920000  0.000000  0.000000
0.024510  2.129500  2.850000  0.000000  161.920000  0.000000  0.000000
0.014510  2.129500  2.850000  0.000000  161.920000  0.000000  0.000000
0.004510  2.129500  2.850000  0.000000  161.920000  0.000000  0.000000
0.000000  2.129500  0.000000  0.000000  0.000000  0.000000  0.000000
