5.000000e-03  1.619200e+02  3.497124e+00  0.000000e+00  3.497124e+00  0.000000e+00
1.500000e-02  1.619200e+02  3.497124e+00  0.000000e+00  3.497124e+00  0.000000e+00
2.500000e-02  1.619200e+02  3.497124e+00  0.000000e+00  3.497124e+00  0.000000e+00
3.500000e-02  1.619200e+02  3.497124e+00  0.000000e+00  3.497124e+00  0.000000e+00
4.500000e-02  1.619200e+02  3.497124e+00  0.000000e+00  3.497124e+00  0.000000e+00
5.500000e-02  1.619200e+02  3.497124e+00  0.000000e+00  3.497124e+00  0.000000e+00
6.500000e-02  1.619200e+02  3.497124e+00  0.000000e+00  3.497124e+00  0.000000e+00
7.500000e-02  1.619200e+02  3.497124e+00  0.000000e+00  3.497124e+00  0.000000e+00
8.500000e-02  1.619200e+02  3.497124e+00  0.000000e+00  3.497124e+00  0.000000e+00
9.500000e-02  1.619200e+02  3.497124e+00  0.000000e+00  3.497124e+00  0.000000e+00
1.050000e-01  1.619200e+02  3.497124e+00  0.000000e+00  3.497124e+00  0.000000e+00
1.150000e-01  1.619200e+02  3.497124e+00  0.000000e+00  3.497124e+00  0.000000e+00
1.250000e-01  1.619200e+02  3.497124e+00  0.000000e+00  3.497124e+00  0.000000e+00
1.350000e-01  1.619200e+02  3.497124e+00  0.000000e+00  3.497124e+00  0.000000e+00
1.450000e-01  1.619200e+02  3.497124e+00  0.000000e+00  3.497124e+00  0.000000e+00
1.550000e-01  1.619200e+02  3.497124e+00  0.000000e+00  3.497124e+00  0.000000e+00
1.650000e-01  1.619200e+02  3.497124e+00  0.000000e+00  3.497124e+00  0.000000e+00
1.750000e-01  1.619200e+02  3.497124e+00  0.000000e+00  3.497124e+00  0.000000e+00
1.850000e-01  1.619200e+02  3.497124e+00  0.000000e+00  3.497124e+00  0.000000e+00
1.950000e-01  1.619200e+02  3.497124e+00  0.000000e+00  3.497124e+00  0.000000e+00
2.050000e-01  1.619200e+02  3.497124e+00  0.000000e+00  3.497124e+00  0.000000e+00
2.150000e-01  1.619200e+02  3.497124e+00  0.000000e+00  3.497124e+00  0.000000e+00
2.250000e-01  1.619200e+02  3.497124e+00  0.000000e+00  3.497124e+00  0.000000e+00
2.350000e-01  1.619200e+02  3.497124e+00  0.000000e+00  3.497124e+00  0.000000e+00
2.450000e-01  1.619200e+02  3.497124e+00  0.000000e+00  3.497124e+00  0.000000e+00
2.550000e-01  1.619200e+02  3.497124e+00  0.000000e+00  3.497124e+00  0.000000e+00
2.650000e-01  1.619200e+02  3.497124e+00  0.000000e+00  3.497124e+00  5.404567e-17
2.750000e-01  1.619200e+02  3.497124e+00  8.068879e-17  3.497124e+00  3.206326e-16
2.850000e-01  1.619200e+02  3.497124e+00  3.462913e-16  3.497124e+00  1.376056e-15
2.950000e-01  1.619200e+02  3.497124e+00  1.205681e-15  3.497124e+00  4.791009e-15
3.050000e-01  1.619200e+02  3.497124e+00  3.655716e-15  3.497124e+00  1.452670e-14
3.150000e-01  1.619200e+02  3.497124e+00  1.086905e-14  3.497124e+00  4.319030e-14
3.250000e-01  1.619200e+02  3.497124e+00  3.185823e-14  3.497124e+00  1.265949e-13
3.350000e-01  1.619200e+02  3.497124e+00  9.180738e-14  3.497124e+00  3.648145e-13
3.450000e-01  1.619200e+02  3.497124e+00  2.596617e-13  3.497124e+00  1.031816e-12
3.550000e-01  1.619200e+02  3.497124e+00  7.201644e-13  3.497124e+00  2.861713e-12
3.650000e-01  1.619200e+02  3.497124e+00  1.959813e-12  3.497124e+00  7.787698e-12
3.750000e-01  1.619200e+02  3.497124e+00  5.233081e-12  3.497124e+00  2.079467e-11
3.850000e-01  1.619200e+02  3.497124e+00  1.370896e-11  3.497124e+00  5.447523e-11
3.950000e-01  1.619200e+02  3.497124e+00  3.523138e-11  3.497124e+00  1.399987e-10
4.050000e-01  1.619200e+02  3.497124e+00  8.881937e-11  3.497124e+00  3.529410e-10
4.150000e-01  1.619200e+02  3.497124e+00  2.196366e-10  3.497124e+00  8.727688e-10
4.250000e-01  1.619200e+02  3.497124e+00  5.327030e-10  3.497124e+00  2.116799e-09
4.350000e-01  1.619200e+02  3.497124e+00  1.267088e-09  3.497124e+00  5.035020e-09
4.450000e-01  1.619200e+02  3.497123e+00  2.955441e-09  3.497123e+00  1.174401e-08
4.550000e-01  1.619200e+02  3.497121e+00  6.758934e-09  3.497121e+00  2.685792e-08
4.650000e-01  1.619200e+02  3.497118e+00  1.515356e-08  3.497118e+00  6.021552e-08
4.750000e-01  1.619200e+02  3.497111e+00  3.330159e-08  3.497111e+00  1.323299e-07
4.850000e-01  1.619200e+02  3.497096e+00  7.172248e-08  3.497096e+00  2.850012e-07
4.950000e-01  1.619200e+02  3.497067e+00  1.513583e-07  3.497067e+00  6.014427e-07
5.050000e-01  1.619200e+02  3.497008e+00  3.129228e-07  3.497008e+00  1.243423e-06
5.150000e-01  1.619200e+02  3.496894e+00  6.337044e-07  3.496894e+00  2.518002e-06
5.250000e-01  1.619200e+02  3.496680e+00  1.257128e-06  3.496680e+00  4.994885e-06
5.350000e-01  1.619200e+02  3.496283e+00  2.444945e-06  3.496283e+00  9.713406e-06
5.450000e-01  1.619200e+02  3.495562e+00  4.678564e-06  3.495562e+00  1.858387e-05
5.550000e-01  1.619200e+02  3.494264e+00  8.930479e-06  3.494264e+00  3.546145e-05
5.650000e-01  1.619200e+02  3.491863e+00  1.784830e-05  3.491863e+00  7.082980e-05
5.750000e-01  1.619200e+02  3.486872e+00  4.299053e-05  3.486872e+00  1.703905e-04
5.850000e-01  1.619200e+02  3.473388e+00  1.558264e-04  3.473388e+00  6.155076e-04
5.950000e-01  1.619200e+02  3.425036e+00  8.489494e-04  3.425034e+00  3.312267e-03
6.050000e-01  1.619200e+02  3.233349e+00  6.585748e-03  3.233188e+00  2.443259e-02
6.150000e-01  1.609998e+02  2.734712e+00  4.330668e-02  2.728724e+00  1.382675e-01
6.250000e-01  1.563428e+02  2.221882e+00  1.063376e-01  2.192531e+00  2.760240e-01
6.350000e-01  1.532623e+02  1.947782e+00  1.552998e-01  1.892934e+00  3.531794e-01
6.450000e-01  1.512255e+02  1.785747e+00  1.836627e-01  1.715454e+00  3.827274e-01
6.550000e-01  1.498075e+02  1.681096e+00  2.026415e-01  1.600578e+00  3.973433e-01
6.650000e-01  1.487499e+02  1.608069e+00  2.167406e-01  1.519996e+00  4.063536e-01
6.750000e-01  1.478658e+02  1.548880e+00  2.275379e-01  1.455416e+00  4.107610e-01
6.850000e-01  1.470883e+02  1.498108e+00  2.364034e-01  1.400552e+00  4.126673e-01
6.950000e-01  1.463840e+02  1.453366e+00  2.443671e-01  1.352266e+00  4.137240e-01
7.050000e-01  1.456979e+02  1.411466e+00  2.518602e-01  1.307192e+00  4.140149e-01
7.150000e-01  1.450238e+02  1.371197e+00  2.591354e-01  1.263989e+00  4.137168e-01
7.250000e-01  1.443608e+02  1.332566e+00  2.663176e-01  1.222551e+00  4.130963e-01
7.350000e-01  1.436996e+02  1.295623e+00  2.734076e-01  1.182918e+00  4.122225e-01
7.450000e-01  1.430488e+02  1.260122e+00  2.803101e-01  1.144933e+00  4.109350e-01
7.550000e-01  1.424121e+02  1.225923e+00  2.870354e-01  1.108451e+00  4.092575e-01
7.650000e-01  1.417720e+02  1.193047e+00  2.936351e-01  1.073442e+00  4.073232e-01
7.750000e-01  1.411474e+02  1.161477e+00  3.001344e-01  1.039863e+00  4.052008e-01
7.850000e-01  1.405217e+02  1.131043e+00  3.064888e-01  1.007584e+00  4.028164e-01
7.950000e-01  1.399091e+02  1.101581e+00  3.126962e-01  9.764553e-01  4.001519e-01
8.050000e-01  1.392946e+02  1.073081e+00  3.188223e-01  9.464092e-01  3.973115e-01
8.150000e-01  1.386858e+02  1.045511e+00  3.248544e-01  9.174193e-01  3.943050e-01
8.250000e-01  1.380765e+02  1.018734e+00  3.307568e-01  8.893869e-01  3.910642e-01
8.350000e-01  1.374798e+02  9.927074e-01  3.365341e-01  8.622638e-01  3.876091e-01
8.450000e-01  1.368789e+02  9.674752e-01  3.422412e-01  8.360400e-01  3.840425e-01
8.550000e-01  1.362772e+02  9.430786e-01  3.479153e-01  8.107172e-01  3.804416e-01
8.650000e-01  1.356862e+02  9.194591e-01  3.535457e-01  7.862468e-01  3.767895e-01
8.750000e-01  1.350966e+02  8.965180e-01  3.591020e-01  7.625603e-01  3.730354e-01
8.850000e-01  1.345100e+02  8.742038e-01  3.645757e-01  7.396139e-01  3.691687e-01
8.950000e-01  1.339218e+02  8.524952e-01  3.699753e-01  7.173780e-01  3.652061e-01
9.050000e-01  1.333370e+02  8.313465e-01  3.752905e-01  6.958147e-01  3.611386e-01
9.150000e-01  1.327570e+02  8.107174e-01  3.805114e-01  6.748932e-01  3.569517e-01
9.250000e-01  1.321750e+02  7.906676e-01  3.856406e-01  6.546542e-01  3.526946e-01
9.350000e-01  1.315935e+02  7.712455e-01  3.907010e-01  6.351154e-01  3.484253e-01
9.450000e-01  1.310242e+02  7.524490e-01  3.957001e-01  6.162643e-01  3.441612e-01
9.550000e-01  1.304581e+02  7.342090e-01  4.005929e-01  5.980664e-01  3.398528e-01
9.650000e-01  1.298950e+02  7.164682e-01  4.053819e-01  5.804683e-01  3.354858e-01
9.750000e-01  1.293279e+02  6.992206e-01  4.100463e-01  5.634687e-01  3.310649e-01
9.850000e-01  1.287761e+02  6.824696e-01  4.146374e-01  5.470324e-01  3.266402e-01
9.950000e-01  1.282213e+02  6.662927e-01  4.192102e-01  5.311808e-01  3.223011e-01
1.005000e+00  1.276734e+02  6.507320e-01  4.237870e-01  5.159280e-01  3.180938e-01
1.015000e+00  1.271372e+02  6.358074e-01  4.283820e-01  5.012750e-01  3.140479e-01
1.025000e+00  1.266010e+02  6.215192e-01  4.330148e-01  4.872047e-01  3.101847e-01
1.035000e+00  1.260742e+02  6.078514e-01  4.376870e-01  4.736977e-01  3.065060e-01
1.045000e+00  1.255592e+02  5.947818e-01  4.424024e-01  4.607292e-01  3.030107e-01
1.055000e+00  1.250474e+02  5.822845e-01  4.471634e-01  4.482720e-01  2.996949e-01
1.065000e+00  1.245441e+02  5.703232e-01  4.519791e-01  4.362877e-01  2.965524e-01
1.075000e+00  1.240484e+02  5.588607e-01  4.568612e-01  4.247367e-01  2.935772e-01
1.085000e+00  1.235577e+02  5.478640e-01  4.618171e-01  4.135851e-01  2.907623e-01
1.095000e+00  1.230688e+02  5.373012e-01  4.668561e-01  4.027997e-01  2.881005e-01
1.105000e+00  1.225882e+02  5.271430e-01  4.719855e-01  3.923513e-01  2.855844e-01
1.115000e+00  1.221067e+02  5.173685e-01  4.772007e-01  3.822233e-01  2.832041e-01
1.125000e+00  1.216277e+02  5.079591e-01  4.824971e-01  3.724013e-01  2.809506e-01
1.135000e+00  1.211537e+02  4.988991e-01  4.878672e-01  3.628746e-01  2.788146e-01
1.145000e+00  1.206794e+02  4.901778e-01  4.932932e-01  3.536415e-01  2.767854e-01
1.155000e+00  1.202089e+02  4.817834e-01  4.987618e-01  3.446968e-01  2.748540e-01
1.165000e+00  1.197460e+02  4.737062e-01  5.042592e-01  3.360371e-01  2.730125e-01
1.175000e+00  1.192889e+02  4.659369e-01  5.097720e-01  3.276591e-01  2.712542e-01
1.185000e+00  1.188342e+02  4.584645e-01  5.152922e-01  3.195552e-01  2.695739e-01
1.195000e+00  1.183799e+02  4.512818e-01  5.208064e-01  3.117231e-01  2.679664e-01
1.205000e+00  1.179293e+02  4.443767e-01  5.263066e-01  3.041546e-01  2.664266e-01
1.215000e+00  1.174872e+02  4.377380e-01  5.317889e-01  2.968398e-01  2.649513e-01
1.225000e+00  1.170554e+02  4.313521e-01  5.372497e-01  2.897675e-01  2.635359e-01
1.235000e+00  1.166245e+02  4.252081e-01  5.426838e-01  2.829293e-01  2.621763e-01
1.245000e+00  1.161968e+02  4.192909e-01  5.480832e-01  2.763150e-01  2.608652e-01
1.255000e+00  1.157742e+02  4.135870e-01  5.534468e-01  2.699128e-01  2.595990e-01
1.265000e+00  1.153585e+02  4.080825e-01  5.587771e-01  2.637095e-01  2.583732e-01
1.275000e+00  1.149463e+02  4.027599e-01  5.640649e-01  2.576947e-01  2.571783e-01
1.285000e+00  1.145316e+02  3.976023e-01  5.693130e-01  2.518537e-01  2.560079e-01
1.295000e+00  1.141218e+02  3.926048e-01  5.745038e-01  2.461891e-01  2.548561e-01
1.305000e+00  1.137190e+02  3.877346e-01  5.796488e-01  2.406717e-01  2.537104e-01
1.315000e+00  1.133126e+02  3.829854e-01  5.847457e-01  2.352979e-01  2.525672e-01
1.325000e+00  1.129145e+02  3.783457e-01  5.897899e-01  2.300595e-01  2.514221e-01
1.335000e+00  1.125106e+02  3.737970e-01  5.947815e-01  2.249448e-01  2.502635e-01
1.345000e+00  1.121163e+02  3.693441e-01  5.997181e-01  2.199551e-01  2.490986e-01
1.355000e+00  1.117167e+02  3.649738e-01  6.046016e-01  2.150816e-01  2.479190e-01
1.365000e+00  1.113270e+02  3.606912e-01  6.094216e-01  2.103290e-01  2.467295e-01
1.375000e+00  1.109292e+02  3.565000e-01  6.142027e-01  2.056879e-01  2.455412e-01
1.385000e+00  1.105397e+02  3.523917e-01  6.189262e-01  2.011595e-01  2.443461e-01
1.395000e+00  1.101431e+02  3.483736e-01  6.236155e-01  1.967370e-01  2.431572e-01
1.405000e+00  1.097504e+02  3.444555e-01  6.282751e-01  1.924216e-01  2.419862e-01
1.415000e+00  1.093604e+02  3.406410e-01  6.329029e-01  1.882149e-01  2.408365e-01
1.425000e+00  1.089702e+02  3.369286e-01  6.375146e-01  1.841076e-01  2.397138e-01
1.435000e+00  1.085899e+02  3.333227e-01  6.421009e-01  1.801037e-01  2.386214e-01
1.445000e+00  1.081991e+02  3.298199e-01  6.466857e-01  1.761911e-01  2.375634e-01
1.455000e+00  1.078174e+02  3.264206e-01  6.512530e-01  1.723736e-01  2.365393e-01
1.465000e+00  1.074379e+02  3.231216e-01  6.558077e-01  1.686466e-01  2.355492e-01
1.475000e+00  1.070548e+02  3.199137e-01  6.603642e-01  1.649980e-01  2.345913e-01
1.485000e+00  1.066804e+02  3.167947e-01  6.649045e-01  1.614319e-01  2.336618e-01
1.495000e+00  1.062992e+02  3.137541e-01  6.694375e-01  1.579389e-01  2.327555e-01
1.505000e+00  1.059152e+02  3.107832e-01  6.739677e-01  1.545112e-01  2.318688e-01
1.515000e+00  1.055390e+02  3.078792e-01  6.784802e-01  1.511519e-01  2.309976e-01
1.525000e+00  1.051544e+02  3.050337e-01  6.829869e-01  1.478523e-01  2.301383e-01
1.535000e+00  1.047680e+02  3.022380e-01  6.874910e-01  1.446054e-01  2.292868e-01
1.545000e+00  1.043885e+02  2.994927e-01  6.919790e-01  1.414157e-01  2.284418e-01
1.555000e+00  1.039994e+02  2.967929e-01  6.964638e-01  1.382762e-01  2.276022e-01
1.565000e+00  1.036030e+02  2.941317e-01  7.009533e-01  1.351795e-01  2.267658e-01
1.575000e+00  1.032127e+02  2.915105e-01  7.054333e-01  1.321308e-01  2.259318e-01
1.585000e+00  1.028217e+02  2.889314e-01  7.099053e-01  1.291303e-01  2.251020e-01
1.595000e+00  1.024184e+02  2.863853e-01  7.143936e-01  1.261648e-01  2.242749e-01
1.605000e+00  1.020210e+02  2.838761e-01  7.188763e-01  1.232427e-01  2.234507e-01
1.615000e+00  1.016306e+02  2.814095e-01  7.233386e-01  1.203721e-01  2.226308e-01
1.625000e+00  1.012157e+02  2.789778e-01  7.278109e-01  1.175387e-01  2.218145e-01
1.635000e+00  1.008028e+02  2.765820e-01  7.322735e-01  1.147489e-01  2.210008e-01
1.645000e+00  1.003995e+02  2.742410e-01  7.366911e-01  1.120236e-01  2.201973e-01
1.655000e+00  9.999426e+01  2.719349e-01  7.410947e-01  1.093420e-01  2.193955e-01
1.665000e+00  9.957098e+01  2.696687e-01  7.454818e-01  1.067080e-01  2.185978e-01
1.675000e+00  9.915686e+01  2.674425e-01  7.498213e-01  1.041310e-01  2.178005e-01
1.685000e+00  9.874978e+01  2.652392e-01  7.541284e-01  1.015979e-01  2.169940e-01
1.695000e+00  9.833731e+01  2.630658e-01  7.583921e-01  9.911588e-02  2.161809e-01
1.705000e+00  9.790731e+01  2.608979e-01  7.626176e-01  9.667413e-02  2.153422e-01
1.715000e+00  9.748556e+01  2.587348e-01  7.667823e-01  9.427916e-02  2.144750e-01
1.725000e+00  9.707160e+01  2.565656e-01  7.708816e-01  9.192844e-02  2.135700e-01
1.735000e+00  9.665952e+01  2.544070e-01  7.749143e-01  8.962870e-02  2.126406e-01
1.745000e+00  9.621739e+01  2.522500e-01  7.789193e-01  8.736365e-02  2.116860e-01
1.755000e+00  9.578259e+01  2.501029e-01  7.828900e-01  8.513622e-02  2.107150e-01
1.765000e+00  9.536027e+01  2.479591e-01  7.867487e-01  8.297269e-02  2.097066e-01
1.775000e+00  9.494584e+01  2.458683e-01  7.906020e-01  8.084959e-02  2.087253e-01
1.785000e+00  9.451232e+01  2.438499e-01  7.944446e-01  7.877606e-02  2.077852e-01
1.795000e+00  9.407034e+01  2.419206e-01  7.982782e-01  7.675511e-02  2.069022e-01
1.805000e+00  9.364131e+01  2.400918e-01  8.020869e-01  7.479335e-02  2.060854e-01
1.815000e+00  9.322496e+01  2.383681e-01  8.058733e-01  7.288962e-02  2.053406e-01
1.825000e+00  9.282104e+01  2.367495e-01  8.096354e-01  7.104270e-02  2.046684e-01
1.835000e+00  9.240469e+01  2.352252e-01  8.133860e-01  6.924436e-02  2.040616e-01
1.845000e+00  9.196645e+01  2.337793e-01  8.171337e-01  6.748577e-02  2.035084e-01
1.855000e+00  9.153910e+01  2.323980e-01  8.208479e-01  6.577086e-02  2.029939e-01
1.865000e+00  9.112199e+01  2.310650e-01  8.245197e-01  6.409707e-02  2.025033e-01
1.875000e+00  9.071415e+01  2.297646e-01  8.281456e-01  6.246047e-02  2.020227e-01
1.885000e+00  9.031432e+01  2.284855e-01  8.317294e-01  6.085603e-02  2.015433e-01
1.895000e+00  8.989054e+01  2.272177e-01  8.352941e-01  5.927402e-02  2.010593e-01
1.905000e+00  8.944033e+01  2.259553e-01  8.388166e-01  5.772103e-02  2.005614e-01
1.915000e+00  8.899658e+01  2.246114e-01  8.422480e-01  5.619035e-02  1.999661e-01
1.925000e+00  8.855342e+01  2.231088e-01  8.455947e-01  5.466169e-02  1.992054e-01
1.935000e+00  8.811615e+01  2.214960e-01  8.488439e-01  5.315335e-02  1.983200e-01
1.945000e+00  8.768548e+01  2.198268e-01  8.520287e-01  5.166775e-02  1.973631e-01
1.955000e+00  8.726040e+01  2.180776e-01  8.551451e-01  5.020145e-02  1.963131e-01
1.965000e+00  8.677473e+01  2.163344e-01  8.582190e-01  4.876868e-02  1.952482e-01
1.975000e+00  8.628904e+01  2.147097e-01  8.613186e-01  4.736899e-02  1.942843e-01
1.985000e+00  8.581956e+01  2.132155e-01  8.644048e-01  4.601602e-02  1.934273e-01
1.995000e+00  8.536535e+01  2.118420e-01  8.674739e-01  4.470706e-02  1.926686e-01
2.005000e+00  8.492534e+01  2.105803e-01  8.705240e-01  4.343903e-02  1.920008e-01
2.015000e+00  8.449830e+01  2.094209e-01  8.735554e-01  4.220834e-02  1.914160e-01
2.025000e+00  8.408354e+01  2.083556e-01  8.765645e-01  4.101307e-02  1.909073e-01
2.035000e+00  8.366662e+01  2.073718e-01  8.795527e-01  3.984931e-02  1.904632e-01
2.045000e+00  8.317082e+01  2.064502e-01  8.825440e-01  3.870666e-02  1.900682e-01
2.055000e+00  8.268645e+01  2.055767e-01  8.855036e-01  3.759034e-02  1.897071e-01
2.065000e+00  8.221278e+01  2.047346e-01  8.884252e-01  3.649869e-02  1.893642e-01
2.075000e+00  8.174844e+01  2.039094e-01  8.913091e-01  3.542852e-02  1.890263e-01
2.085000e+00  8.129196e+01  2.030931e-01  8.941608e-01  3.437649e-02  1.886872e-01
2.095000e+00  8.084318e+01  2.022829e-01  8.969794e-01  3.334219e-02  1.883441e-01
2.105000e+00  8.040609e+01  2.014724e-01  8.997321e-01  3.233485e-02  1.879865e-01
2.115000e+00  7.997406e+01  2.005613e-01  9.024174e-01  3.133915e-02  1.875210e-01
2.125000e+00  7.954415e+01  1.994966e-01  9.050343e-01  3.034835e-02  1.868970e-01
2.135000e+00  7.902426e+01  1.983339e-01  9.076016e-01  2.936827e-02  1.861672e-01
2.145000e+00  7.845942e+01  1.971406e-01  9.101457e-01  2.840058e-02  1.853989e-01
2.155000e+00  7.790609e+01  1.959017e-01  9.126339e-01  2.745262e-02  1.845746e-01
2.165000e+00  7.736864e+01  1.945588e-01  9.150169e-01  2.653185e-02  1.836326e-01
2.175000e+00  7.683854e+01  1.932519e-01  9.174052e-01  2.562368e-02  1.827199e-01
2.185000e+00  7.632528e+01  1.920557e-01  9.197759e-01  2.474435e-02  1.819045e-01
2.195000e+00  7.582711e+01  1.909372e-01  9.221208e-01  2.389089e-02  1.811545e-01
2.205000e+00  7.534226e+01  1.898668e-01  9.244349e-01  2.306023e-02  1.804417e-01
2.215000e+00  7.486951e+01  1.888246e-01  9.267151e-01  2.225032e-02  1.797470e-01
2.225000e+00  7.440821e+01  1.878014e-01  9.289603e-01  2.146001e-02  1.790619e-01
2.235000e+00  7.395829e+01  1.867981e-01  9.311700e-01  2.068921e-02  1.783873e-01
2.245000e+00  7.349761e+01  1.858152e-01  9.333498e-01  1.993615e-02  1.777244e-01
2.255000e+00  7.282080e+01  1.848520e-01  9.355201e-01  1.919598e-02  1.770738e-01
2.265000e+00  7.215974e+01  1.839045e-01  9.376581e-01  1.847303e-02  1.764305e-01
2.275000e+00  7.151347e+01  1.829671e-01  9.397644e-01  1.776626e-02  1.757896e-01
2.285000e+00  7.088278e+01  1.820366e-01  9.418344e-01  1.707653e-02  1.751476e-01
2.295000e+00  7.026829e+01  1.811126e-01  9.438648e-01  1.640452e-02  1.745039e-01
2.305000e+00  6.966752e+01  1.802130e-01  9.458699e-01  1.574751e-02  1.738775e-01
2.315000e+00  6.908203e+01  1.793515e-01  9.478465e-01  1.510721e-02  1.732815e-01
2.325000e+00  6.851148e+01  1.785328e-01  9.497958e-01  1.448325e-02  1.727209e-01
2.335000e+00  6.795543e+01  1.777611e-01  9.517188e-01  1.387515e-02  1.722000e-01
2.345000e+00  6.741333e+01  1.770385e-01  9.536164e-01  1.328230e-02  1.717213e-01
2.355000e+00  6.688405e+01  1.763587e-01  9.554896e-01  1.270347e-02  1.712789e-01
2.365000e+00  6.636613e+01  1.757060e-01  9.573386e-01  1.213706e-02  1.708580e-01
2.375000e+00  6.585729e+01  1.750628e-01  9.591672e-01  1.158059e-02  1.704419e-01
2.385000e+00  6.535874e+01  1.744284e-01  9.609700e-01  1.103536e-02  1.700293e-01
2.395000e+00  6.486952e+01  1.737946e-01  9.627484e-01  1.050035e-02  1.696126e-01
2.405000e+00  6.426471e+01  1.731643e-01  9.644966e-01  9.977133e-03  1.691941e-01
2.415000e+00  6.103336e+01  1.725271e-01  9.661656e-01  9.475465e-03  1.687616e-01
2.425000e+00  5.784112e+01  1.718108e-01  9.678094e-01  8.979867e-03  1.682470e-01
2.435000e+00  5.473655e+01  1.710280e-01  9.694049e-01  8.497881e-03  1.676597e-01
2.445000e+00  5.166034e+01  1.702475e-01  9.709987e-01  8.020298e-03  1.670725e-01
2.455000e+00  4.862450e+01  1.694706e-01  9.725841e-01  7.548982e-03  1.664859e-01
2.465000e+00  4.570249e+01  1.685078e-01  9.740900e-01  7.095338e-03  1.657059e-01
2.475000e+00  4.274557e+01  1.672518e-01  9.755896e-01  6.636274e-03  1.646343e-01
2.485000e+00  3.991773e+01  1.658550e-01  9.770172e-01  6.197251e-03  1.634134e-01
2.495000e+00  3.707504e+01  1.642102e-01  9.784444e-01  5.755922e-03  1.619451e-01
2.505000e+00  3.434698e+01  1.623895e-01  9.798105e-01  5.332388e-03  1.602933e-01
2.515000e+00  3.155513e+01  1.595435e-01  9.811242e-01  4.898952e-03  1.576197e-01
2.525000e+00  2.885088e+01  1.563061e-01  9.823875e-01  4.479116e-03  1.545490e-01
2.535000e+00  2.624933e+01  1.524019e-01  9.835679e-01  4.075223e-03  1.508047e-01
2.545000e+00  2.373602e+01  1.479046e-01  9.846918e-01  3.685031e-03  1.464616e-01
2.555000e+00  2.132346e+01  1.436648e-01  9.858441e-01  3.310480e-03  1.423697e-01
2.565000e+00  1.903871e+01  1.395143e-01  9.869869e-01  2.955770e-03  1.383590e-01
2.575000e+00  1.687653e+01  1.354845e-01  9.881235e-01  2.620091e-03  1.344613e-01
2.585000e+00  1.481695e+01  1.314608e-01  9.892554e-01  2.300340e-03  1.305634e-01
2.595000e+00  1.287116e+01  1.274457e-01  9.903738e-01  1.998255e-03  1.266668e-01
2.605000e+00  1.104086e+01  1.234316e-01  9.914754e-01  1.714101e-03  1.227640e-01
2.615000e+00  9.385093e+00  1.193489e-01  9.925070e-01  1.457041e-03  1.187818e-01
2.625000e+00  7.810678e+00  1.142712e-01  9.934878e-01  1.212612e-03  1.137996e-01
2.635000e+00  6.331932e+00  1.080629e-01  9.944181e-01  9.830361e-04  1.076809e-01
2.645000e+00  4.945554e+00  1.022589e-01  9.953934e-01  7.678001e-04  1.019608e-01
2.655000e+00  3.642318e+00  9.661720e-02  9.964097e-01  5.654720e-04  9.639782e-02
2.665000e+00  2.542937e+00  9.089709e-02  9.973360e-01  3.947924e-04  9.074404e-02
2.675000e+00  1.702397e+00  8.177502e-02  9.980178e-01  2.642981e-04  8.167261e-02
2.685000e+00  7.945614e-01  5.753425e-02  9.986851e-01  1.233561e-04  5.748648e-02
2.695000e+00  2.763666e-01  2.399802e-02  9.989036e-01  4.290607e-05  2.398141e-02
2.705000e+00  5.505361e-02  4.861521e-03  9.989219e-01  8.547104e-06  4.858212e-03
2.715000e+00  0.000000e+00  0.000000e+00  1.000000e+00  0.000000e+00  0.000000e+00
2.725000e+00  0.000000e+00  0.000000e+00  1.000000e+00  0.000000e+00  0.000000e+00
2.735000e+00  0.000000e+00  0.000000e+00  1.000000e+00  0.000000e+00  0.000000e+00
2.745000e+00  0.000000e+00  0.000000e+00  1.000000e+00  0.000000e+00  0.000000e+00
2.755000e+00  0.000000e+00  0.000000e+00  1.000000e+00  0.000000e+00  0.000000e+00
2.765000e+00  0.000000e+00  0.000000e+00  1.000000e+00  0.000000e+00  0.000000e+00
2.775000e+00  0.000000e+00  0.000000e+00  1.000000e+00  0.000000e+00  0.000000e+00
2.785000e+00  0.000000e+00  0.000000e+00  1.000000e+00  0.000000e+00  0.000000e+00
2.795000e+00  0.000000e+00  0.000000e+00  1.000000e+00  0.000000e+00  0.000000e+00
2.805000e+00  0.000000e+00  0.000000e+00  1.000000e+00  0.000000e+00  0.000000e+00
2.815000e+00  0.000000e+00  0.000000e+00  1.000000e+00  0.000000e+00  0.000000e+00
2.825000e+00  0.000000e+00  0.000000e+00  1.000000e+00  0.000000e+00  0.000000e+00
2.835000e+00  0.000000e+00  0.000000e+00  1.000000e+00  0.000000e+00  0.000000e+00
2.845000e+00  0.000000e+00  0.000000e+00  1.000000e+00  0.000000e+00  0.000000e+00
2.855000e+00  0.000000e+00  0.000000e+00  1.000000e+00  0.000000e+00  0.000000e+00
2.865000e+00  0.000000e+00  0.000000e+00  1.000000e+00  0.000000e+00  0.000000e+00
2.875000e+00  0.000000e+00  0.000000e+00  1.000000e+00  0.000000e+00  0.000000e+00
2.885000e+00  0.000000e+00  0.000000e+00  1.000000e+00  0.000000e+00  0.000000e+00
2.895000e+00  0.000000e+00  0.000000e+00  1.000000e+00  0.000000e+00  0.000000e+00
2.905000e+00  0.000000e+00  0.000000e+00  1.000000e+00  0.000000e+00  0.000000e+00
2.915000e+00  0.000000e+00  0.000000e+00  1.000000e+00  0.000000e+00  0.000000e+00
2.925000e+00  0.000000e+00  0.000000e+00  1.000000e+00  0.000000e+00  0.000000e+00
2.935000e+00  0.000000e+00  0.000000e+00  1.000000e+00  0.000000e+00  0.000000e+00
2.945000e+00  0.000000e+00  0.000000e+00  1.000000e+00  0.000000e+00  0.000000e+00
2.955000e+00  0.000000e+00  0.000000e+00  1.000000e+00  0.000000e+00  0.000000e+00
2.965000e+00  0.000000e+00  0.000000e+00  1.000000e+00  0.000000e+00  0.000000e+00
2.975000e+00  0.000000e+00  0.000000e+00  1.000000e+00  0.000000e+00  0.000000e+00
2.985000e+00  0.000000e+00  0.000000e+00  1.000000e+00  0.000000e+00  0.000000e+00
2.995000e+00  0.000000e+00  0.000000e+00  1.000000e+00  0.000000e+00  0.000000e+00
3.005000e+00  0.000000e+00  0.000000e+00  1.000000e+00  0.000000e+00  0.000000e+00
3.015000e+00  0.000000e+00  0.000000e+00  1.000000e+00  0.000000e+00  0.000000e+00
3.025000e+00  0.000000e+00  0.000000e+00  1.000000e+00  0.000000e+00  0.000000e+00
3.035000e+00  0.000000e+00  0.000000e+00  1.000000e+00  0.000000e+00  0.000000e+00
3.045000e+00  0.000000e+00  0.000000e+00  1.000000e+00  0.000000e+00  0.000000e+00
3.055000e+00  0.000000e+00  0.000000e+00  1.000000e+00  0.000000e+00  0.000000e+00
3.065000e+00  0.000000e+00  0.000000e+00  1.000000e+00  0.000000e+00  0.000000e+00
3.075000e+00  0.000000e+00  0.000000e+00  1.000000e+00  0.000000e+00  0.000000e+00
3.085000e+00  0.000000e+00  0.000000e+00  1.000000e+00  0.000000e+00  0.000000e+00
3.095000e+00  0.000000e+00  0.000000e+00  1.000000e+00  0.000000e+00  0.000000e+00
3.105000e+00  0.000000e+00  0.000000e+00  1.000000e+00  0.000000e+00  0.000000e+00
3.115000e+00  0.000000e+00  0.000000e+00  1.000000e+00  0.000000e+00  0.000000e+00
3.125000e+00  0.000000e+00  0.000000e+00  1.000000e+00  0.000000e+00  0.000000e+00
3.135000e+00  0.000000e+00  0.000000e+00  1.000000e+00  0.000000e+00  0.000000e+00
3.145000e+00  0.000000e+00  0.000000e+00  1.000000e+00  0.000000e+00  0.000000e+00
3.155000e+00  0.000000e+00  0.000000e+00  1.000000e+00  0.000000e+00  0.000000e+00
3.165000e+00  0.000000e+00  0.000000e+00  1.000000e+00  0.000000e+00  0.000000e+00
3.175000e+00  0.000000e+00  0.000000e+00  1.000000e+00  0.000000e+00  0.000000e+00
3.185000e+00  0.000000e+00  0.000000e+00  1.000000e+00  0.000000e+00  0.000000e+00
3.195000e+00  0.000000e+00  0.000000e+00  1.000000e+00  0.000000e+00  0.000000e+00
3.205000e+00  0.000000e+00  0.000000e+00  1.000000e+00  0.000000e+00  0.000000e+00
3.215000e+00  0.000000e+00  0.000000e+00  1.000000e+00  0.000000e+00  0.000000e+00
3.225000e+00  0.000000e+00  0.000000e+00  1.000000e+00  0.000000e+00  0.000000e+00
3.235000e+00  0.000000e+00  0.000000e+00  1.000000e+00  0.000000e+00  0.000000e+00
3.245000e+00  0.000000e+00  0.000000e+00  1.000000e+00  0.000000e+00  0.000000e+00
3.255000e+00  0.000000e+00  0.000000e+00  1.000000e+00  0.000000e+00  0.000000e+00
3.265000e+00  0.000000e+00  0.000000e+00  1.000000e+00  0.000000e+00  0.000000e+00
3.275000e+00  0.000000e+00  0.000000e+00  1.000000e+00  0.000000e+00  0.000000e+00
3.285000e+00  0.000000e+00  0.000000e+00  1.000000e+00  0.000000e+00  0.000000e+00
3.295000e+00  0.000000e+00  0.000000e+00  1.000000e+00  0.000000e+00  0.000000e+00
3.305000e+00  0.000000e+00  0.000000e+00  1.000000e+00  0.000000e+00  0.000000e+00
3.315000e+00  0.000000e+00  0.000000e+00  1.000000e+00  0.000000e+00  0.000000e+00
3.325000e+00  0.000000e+00  0.000000e+00  1.000000e+00  0.000000e+00  0.000000e+00
3.335000e+00  0.000000e+00  0.000000e+00  1.000000e+00  0.000000e+00  0.000000e+00
3.345000e+00  0.000000e+00  0.000000e+00  1.000000e+00  0.000000e+00  0.000000e+00
3.355000e+00  0.000000e+00  0.000000e+00  1.000000e+00  0.000000e+00  0.000000e+00
3.365000e+00  0.000000e+00  0.000000e+00  1.000000e+00  0.000000e+00  0.000000e+00
3.375000e+00  0.000000e+00  0.000000e+00  1.000000e+00  0.000000e+00  0.000000e+00
3.385000e+00  0.000000e+00  0.000000e+00  1.000000e+00  0.000000e+00  0.000000e+00
3.395000e+00  0.000000e+00  0.000000e+00  1.000000e+00  0.000000e+00  0.000000e+00
3.405000e+00  0.000000e+00  0.000000e+00  1.000000e+00  0.000000e+00  0.000000e+00
3.415000e+00  0.000000e+00  0.000000e+00  1.000000e+00  0.000000e+00  0.000000e+00
3.425000e+00  0.000000e+00  0.000000e+00  1.000000e+00  0.000000e+00  0.000000e+00
3.435000e+00  0.000000e+00  0.000000e+00  1.000000e+00  0.000000e+00  0.000000e+00
3.445000e+00  0.000000e+00  0.000000e+00  1.000000e+00  0.000000e+00  0.000000e+00
3.455000e+00  0.000000e+00  0.000000e+00  1.000000e+00  0.000000e+00  0.000000e+00
3.465000e+00  0.000000e+00  0.000000e+00  1.000000e+00  0.000000e+00  0.000000e+00
3.475000e+00  0.000000e+00  0.000000e+00  1.000000e+00  0.000000e+00  0.000000e+00
3.485000e+00  0.000000e+00  0.000000e+00  1.000000e+00  0.000000e+00  0.000000e+00
3.495000e+00  0.000000e+00  0.000000e+00  1.000000e+00  0.000000e+00  0.000000e+00
3.505000e+00  0.000000e+00  0.000000e+00  1.000000e+00  0.000000e+00  0.000000e+00
3.515000e+00  0.000000e+00  0.000000e+00  1.000000e+00  0.000000e+00  0.000000e+00
3.525000e+00  0.000000e+00  0.000000e+00  1.000000e+00  0.000000e+00  0.000000e+00
3.535000e+00  0.000000e+00  0.000000e+00  1.000000e+00  0.000000e+00  0.000000e+00
3.545000e+00  0.000000e+00  0.000000e+00  1.000000e+00  0.000000e+00  0.000000e+00
3.555000e+00  0.000000e+00  0.000000e+00  1.000000e+00  0.000000e+00  0.000000e+00
3.565000e+00  0.000000e+00  0.000000e+00  1.000000e+00  0.000000e+00  0.000000e+00
3.575000e+00  0.000000e+00  0.000000e+00  1.000000e+00  0.000000e+00  0.000000e+00
3.585000e+00  0.000000e+00  0.000000e+00  1.000000e+00  0.000000e+00  0.000000e+00
3.595000e+00  0.000000e+00  0.000000e+00  1.000000e+00  0.000000e+00  0.000000e+00
3.605000e+00  0.000000e+00  0.000000e+00  1.000000e+00  0.000000e+00  0.000000e+00
3.615000e+00  0.000000e+00  0.000000e+00  1.000000e+00  0.000000e+00  0.000000e+00
3.625000e+00  0.000000e+00  0.000000e+00  1.000000e+00  0.000000e+00  0.000000e+00
3.635000e+00  0.000000e+00  0.000000e+00  1.000000e+00  0.000000e+00  0.000000e+00
3.645000e+00  0.000000e+00  0.000000e+00  1.000000e+00  0.000000e+00  0.000000e+00
3.655000e+00  0.000000e+00  0.000000e+00  1.000000e+00  0.000000e+00  0.000000e+00
3.665000e+00  0.000000e+00  0.000000e+00  1.000000e+00  0.000000e+00  0.000000e+00
3.675000e+00  0.000000e+00  0.000000e+00  1.000000e+00  0.000000e+00  0.000000e+00
3.685000e+00  0.000000e+00  0.000000e+00  1.000000e+00  0.000000e+00  0.000000e+00
3.695000e+00  0.000000e+00  0.000000e+00  1.000000e+00  0.000000e+00  0.000000e+00
3.705000e+00  0.000000e+00  0.000000e+00  1.000000e+00  0.000000e+00  0.000000e+00
3.715000e+00  0.000000e+00  0.000000e+00  1.000000e+00  0.000000e+00  0.000000e+00
3.725000e+00  0.000000e+00  0.000000e+00  1.000000e+00  0.000000e+00  0.000000e+00
3.735000e+00  0.000000e+00  0.000000e+00  1.000000e+00  0.000000e+00  0.000000e+00
3.745000e+00  0.000000e+00  0.000000e+00  1.000000e+00  0.000000e+00  0.000000e+00
3.755000e+00  0.000000e+00  0.000000e+00  1.000000e+00  0.000000e+00  0.000000e+00
3.765000e+00  0.000000e+00  0.000000e+00  1.000000e+00  0.000000e+00  0.000000e+00
3.775000e+00  0.000000e+00  0.000000e+00  1.000000e+00  0.000000e+00  0.000000e+00
3.785000e+00  0.000000e+00  0.000000e+00  1.000000e+00  0.000000e+00  0.000000e+00
3.795000e+00  0.000000e+00  0.000000e+00  1.000000e+00  0.000000e+00  0.000000e+00
3.805000e+00  0.000000e+00  0.000000e+00  1.000000e+00  0.000000e+00  0.000000e+00
3.815000e+00  0.000000e+00  0.000000e+00  1.000000e+00  0.000000e+00  0.000000e+00
3.825000e+00  0.000000e+00  0.000000e+00  1.000000e+00  0.000000e+00  0.000000e+00
3.835000e+00  0.000000e+00  0.000000e+00  1.000000e+00  0.000000e+00  0.000000e+00
3.845000e+00  0.000000e+00  0.000000e+00  1.000000e+00  0.000000e+00  0.000000e+00
3.855000e+00  0.000000e+00  0.000000e+00  1.000000e+00  0.000000e+00  0.000000e+00
3.865000e+00  0.000000e+00  0.000000e+00  1.000000e+00  0.000000e+00  0.000000e+00
3.875000e+00  0.000000e+00  0.000000e+00  1.000000e+00  0.000000e+00  0.000000e+00
3.885000e+00  0.000000e+00  0.000000e+00  1.000000e+00  0.000000e+00  0.000000e+00
3.895000e+00  0.000000e+00  0.000000e+00  1.000000e+00  0.000000e+00  0.000000e+00
3.905000e+00  0.000000e+00  0.000000e+00  1.000000e+00  0.000000e+00  0.000000e+00
3.915000e+00  0.000000e+00  0.000000e+00  1.000000e+00  0.000000e+00  0.000000e+00
3.925000e+00  0.000000e+00  0.000000e+00  1.000000e+00  0.000000e+00  0.000000e+00
3.935000e+00  0.000000e+00  0.000000e+00  1.000000e+00  0.000000e+00  0.000000e+00
3.945000e+00  0.000000e+00  0.000000e+00  1.000000e+00  0.000000e+00  0.000000e+00
3.955000e+00  0.000000e+00  0.000000e+00  1.000000e+00  0.000000e+00  0.000000e+00
3.965000e+00  0.000000e+00  0.000000e+00  1.000000e+00  0.000000e+00  0.000000e+00
3.975000e+00  0.000000e+00  0.000000e+00  1.000000e+00  0.000000e+00  0.000000e+00
3.985000e+00  0.000000e+00  0.000000e+00  1.000000e+00  0.000000e+00  0.000000e+00
3.995000e+00  0.000000e+00  0.000000e+00  1.000000e+00  0.000000e+00  0.000000e+00
4.005000e+00  0.000000e+00  0.000000e+00  1.000000e+00  0.000000e+00  0.000000e+00
4.015000e+00  0.000000e+00  0.000000e+00  1.000000e+00  0.000000e+00  0.000000e+00
4.025000e+00  0.000000e+00  0.000000e+00  1.000000e+00  0.000000e+00  0.000000e+00
4.035000e+00  0.000000e+00  0.000000e+00  1.000000e+00  0.000000e+00  0.000000e+00
4.045000e+00  0.000000e+00  0.000000e+00  1.000000e+00  0.000000e+00  0.000000e+00
4.055000e+00  0.000000e+00  0.000000e+00  1.000000e+00  0.000000e+00  0.000000e+00
4.065000e+00  0.000000e+00  0.000000e+00  1.000000e+00  0.000000e+00  0.000000e+00
4.075000e+00  0.000000e+00  0.000000e+00  1.000000e+00  0.000000e+00  0.000000e+00
4.085000e+00  0.000000e+00  0.000000e+00  1.000000e+00  0.000000e+00  0.000000e+00
4.095000e+00  0.000000e+00  0.000000e+00  1.000000e+00  0.000000e+00  0.000000e+00
4.105000e+00  0.000000e+00  0.000000e+00  1.000000e+00  0.000000e+00  0.000000e+00
4.115000e+00  0.000000e+00  0.000000e+00  1.000000e+00  0.000000e+00  0.000000e+00
4.125000e+00  0.000000e+00  0.000000e+00  1.000000e+00  0.000000e+00  0.000000e+00
4.135000e+00  0.000000e+00  0.000000e+00  1.000000e+00  0.000000e+00  0.000000e+00
4.145000e+00  0.000000e+00  0.000000e+00  1.000000e+00  0.000000e+00  0.000000e+00
4.155000e+00  0.000000e+00  0.000000e+00  1.000000e+00  0.000000e+00  0.000000e+00
4.165000e+00  0.000000e+00  0.000000e+00  1.000000e+00  0.000000e+00  0.000000e+00
4.175000e+00  0.000000e+00  0.000000e+00  1.000000e+00  0.000000e+00  0.000000e+00
4.185000e+00  0.000000e+00  0.000000e+00  1.000000e+00  0.000000e+00  0.000000e+00
4.195000e+00  0.000000e+00  0.000000e+00  1.000000e+00  0.000000e+00  0.000000e+00
4.205000e+00  0.000000e+00  0.000000e+00  1.000000e+00  0.000000e+00  0.000000e+00
4.215000e+00  0.000000e+00  0.000000e+00  1.000000e+00  0.000000e+00  0.000000e+00
4.225000e+00  0.000000e+00  0.000000e+00  1.000000e+00  0.000000e+00  0.000000e+00
4.235000e+00  0.000000e+00  0.000000e+00  1.000000e+00  0.000000e+00  0.000000e+00
4.245000e+00  0.000000e+00  0.000000e+00  1.000000e+00  0.000000e+00  0.000000e+00
4.255000e+00  0.000000e+00  0.000000e+00  1.000000e+00  0.000000e+00  0.000000e+00
4.265000e+00  0.000000e+00  0.000000e+00  1.000000e+00  0.000000e+00  0.000000e+00
4.275000e+00  0.000000e+00  0.000000e+00  1.000000e+00  0.000000e+00  0.000000e+00
4.285000e+00  0.000000e+00  0.000000e+00  1.000000e+00  0.000000e+00  0.000000e+00
4.295000e+00  0.000000e+00  0.000000e+00  1.000000e+00  0.000000e+00  0.000000e+00
4.305000e+00  0.000000e+00  0.000000e+00  1.000000e+00  0.000000e+00  0.000000e+00
4.315000e+00  0.000000e+00  0.000000e+00  1.000000e+00  0.000000e+00  0.000000e+00
4.325000e+00  0.000000e+00  0.000000e+00  1.000000e+00  0.000000e+00  0.000000e+00
4.335000e+00  0.000000e+00  0.000000e+00  1.000000e+00  0.000000e+00  0.000000e+00
4.345000e+00  0.000000e+00  0.000000e+00  1.000000e+00  0.000000e+00  0.000000e+00
4.355000e+00  0.000000e+00  0.000000e+00  1.000000e+00  0.000000e+00  0.000000e+00
4.365000e+00  0.000000e+00  0.000000e+00  1.000000e+00  0.000000e+00  0.000000e+00
4.375000e+00  0.000000e+00  0.000000e+00  1.000000e+00  0.000000e+00  0.000000e+00
4.385000e+00  0.000000e+00  0.000000e+00  1.000000e+00  0.000000e+00  0.000000e+00
4.395000e+00  0.000000e+00  0.000000e+00  1.000000e+00  0.000000e+00  0.000000e+00
4.405000e+00  0.000000e+00  0.000000e+00  1.000000e+00  0.000000e+00  0.000000e+00
4.415000e+00  0.000000e+00  0.000000e+00  1.000000e+00  0.000000e+00  0.000000e+00
4.425000e+00  0.000000e+00  0.000000e+00  1.000000e+00  0.000000e+00  0.000000e+00
4.435000e+00  0.000000e+00  0.000000e+00  1.000000e+00  0.000000e+00  0.000000e+00
4.445000e+00  0.000000e+00  0.000000e+00  1.000000e+00  0.000000e+00  0.000000e+00
4.455000e+00  0.000000e+00  0.000000e+00  1.000000e+00  0.000000e+00  0.000000e+00
4.465000e+00  0.000000e+00  0.000000e+00  1.000000e+00  0.000000e+00  0.000000e+00
4.475000e+00  0.000000e+00  0.000000e+00  1.000000e+00  0.000000e+00  0.000000e+00
4.485000e+00  0.000000e+00  0.000000e+00  1.000000e+00  0.000000e+00  0.000000e+00
4.495000e+00  0.000000e+00  0.000000e+00  1.000000e+00  0.000000e+00  0.000000e+00
4.505000e+00  0.000000e+00  0.000000e+00  1.000000e+00  0.000000e+00  0.000000e+00
4.515000e+00  0.000000e+00  0.000000e+00  1.000000e+00  0.000000e+00  0.000000e+00
4.525000e+00  0.000000e+00  0.000000e+00  1.000000e+00  0.000000e+00  0.000000e+00
4.535000e+00  0.000000e+00  0.000000e+00  1.000000e+00  0.000000e+00  0.000000e+00
4.545000e+00  0.000000e+00  0.000000e+00  1.000000e+00  0.000000e+00  0.000000e+00
4.555000e+00  0.000000e+00  0.000000e+00  1.000000e+00  0.000000e+00  0.000000e+00
4.565000e+00  0.000000e+00  0.000000e+00  1.000000e+00  0.000000e+00  0.000000e+00
4.575000e+00  0.000000e+00  0.000000e+00  1.000000e+00  0.000000e+00  0.000000e+00
4.585000e+00  0.000000e+00  0.000000e+00  1.000000e+00  0.000000e+00  0.000000e+00
4.595000e+00  0.000000e+00  0.000000e+00  1.000000e+00  0.000000e+00  0.000000e+00
4.605000e+00  0.000000e+00  0.000000e+00  1.000000e+00  0.000000e+00  0.000000e+00
4.615000e+00  0.000000e+00  0.000000e+00  1.000000e+00  0.000000e+00  0.000000e+00
4.625000e+00  0.000000e+00  0.000000e+00  1.000000e+00  0.000000e+00  0.000000e+00
4.635000e+00  0.000000e+00  0.000000e+00  1.000000e+00  0.000000e+00  0.000000e+00
4.645000e+00  0.000000e+00  0.000000e+00  1.000000e+00  0.000000e+00  0.000000e+00
4.655000e+00  0.000000e+00  0.000000e+00  1.000000e+00  0.000000e+00  0.000000e+00
4.665000e+00  0.000000e+00  0.000000e+00  1.000000e+00  0.000000e+00  0.000000e+00
4.675000e+00  0.000000e+00  0.000000e+00  1.000000e+00  0.000000e+00  0.000000e+00
4.685000e+00  0.000000e+00  0.000000e+00  1.000000e+00  0.000000e+00  0.000000e+00
4.695000e+00  0.000000e+00  0.000000e+00  1.000000e+00  0.000000e+00  0.000000e+00
4.705000e+00  0.000000e+00  0.000000e+00  1.000000e+00  0.000000e+00  0.000000e+00
4.715000e+00  0.000000e+00  0.000000e+00  1.000000e+00  0.000000e+00  0.000000e+00
4.725000e+00  0.000000e+00  0.000000e+00  1.000000e+00  0.000000e+00  0.000000e+00
4.735000e+00  0.000000e+00  0.000000e+00  1.000000e+00  0.000000e+00  0.000000e+00
4.745000e+00  0.000000e+00  0.000000e+00  1.000000e+00  0.000000e+00  0.000000e+00
4.755000e+00  0.000000e+00  0.000000e+00  1.000000e+00  0.000000e+00  0.000000e+00
4.765000e+00  0.000000e+00  0.000000e+00  1.000000e+00  0.000000e+00  0.000000e+00
4.775000e+00  0.000000e+00  0.000000e+00  1.000000e+00  0.000000e+00  0.000000e+00
4.785000e+00  0.000000e+00  0.000000e+00  1.000000e+00  0.000000e+00  0.000000e+00
4.795000e+00  0.000000e+00  0.000000e+00  1.000000e+00  0.000000e+00  0.000000e+00
4.805000e+00  0.000000e+00  0.000000e+00  1.000000e+00  0.000000e+00  0.000000e+00
4.815000e+00  0.000000e+00  0.000000e+00  1.000000e+00  0.000000e+00  0.000000e+00
4.825000e+00  0.000000e+00  0.000000e+00  1.000000e+00  0.000000e+00  0.000000e+00
4.835000e+00  0.000000e+00  0.000000e+00  1.000000e+00  0.000000e+00  0.000000e+00
4.845000e+00  0.000000e+00  0.000000e+00  1.000000e+00  0.000000e+00  0.000000e+00
4.855000e+00  0.000000e+00  0.000000e+00  1.000000e+00  0.000000e+00  0.000000e+00
4.865000e+00  0.000000e+00  0.000000e+00  1.000000e+00  0.000000e+00  0.000000e+00
4.875000e+00  0.000000e+00  0.000000e+00  1.000000e+00  0.000000e+00  0.000000e+00
4.885000e+00  0.000000e+00  0.000000e+00  1.000000e+00  0.000000e+00  0.000000e+00
4.895000e+00  0.000000e+00  0.000000e+00  1.000000e+00  0.000000e+00  0.000000e+00
4.905000e+00  0.000000e+00  0.000000e+00  1.000000e+00  0.000000e+00  0.000000e+00
4.915000e+00  0.000000e+00  0.000000e+00  1.000000e+00  0.000000e+00  0.000000e+00
4.925000e+00  0.000000e+00  0.000000e+00  1.000000e+00  0.000000e+00  0.000000e+00
4.935000e+00  0.000000e+00  0.000000e+00  1.000000e+00  0.000000e+00  0.000000e+00
4.945000e+00  0.000000e+00  0.000000e+00  1.000000e+00  0.000000e+00  0.000000e+00
4.955000e+00  0.000000e+00  0.000000e+00  1.000000e+00  0.000000e+00  0.000000e+00
4.965000e+00  0.000000e+00  0.000000e+00  1.000000e+00  0.000000e+00  0.000000e+00
4.975000e+00  0.000000e+00  0.000000e+00  1.000000e+00  0.000000e+00  0.000000e+00
4.985000e+00  0.000000e+00  0.000000e+00  1.000000e+00  0.000000e+00  0.000000e+00
4.995000e+00  0.000000e+00  0.000000e+00  1.000000e+00  0.000000e+00  0.000000e+00
